1456808400000,0.839
1456812000000,0.822
1456815600000,0.842
1456819200000,0.828
1456822800000,0.841
1456826400000,0.85
1456830000000,0.845
1456833600000,0.84
1456837200000,0.848
1456840800000,0.838
1456844400000,0.844
1456848000000,0.865
1456851600000,0.857
1456855200000,0.872
1456858800000,0.86
1456862400000,0.864
1456866000000,0.868
1456869600000,0.884
1456873200000,0.974
1456876800000,1.01
1456880400000,1.064
1456884000000,0.981
1456887600000,0.969
1456891200000,0.993
1456894800000,0.939
1456898400000,0.972
1456902000000,0.922
1456905600000,0.927
1456909200000,0.932
1456912800000,0.907
1456916400000,0.892
1456920000000,0.872
1456923600000,0.877
1456927200000,0.896
1456930800000,0.884
1456934400000,0.888
1456938000000,0.881
