1456808400000,0.524
1456812000000,0.478
1456815600000,0.432
1456819200000,0.517
1456822800000,0.529
1456826400000,0.511
1456830000000,0.545
1456833600000,0.59
1456837200000,0.566
1456840800000,0.548
1456844400000,0.508
1456848000000,0.524
1456851600000,0.492
1456855200000,0.468
1456858800000,0.459
1456862400000,0.437
1456866000000,0.418
1456869600000,0.444
1456873200000,0.464
1456876800000,0.464
1456880400000,0.441
1456884000000,0.461
1456887600000,0.483
1456891200000,0.481
1456894800000,0.469
1456898400000,0.54
1456902000000,0.602
1456905600000,0.636
1456909200000,0.636
1456912800000,0.638
1456916400000,0.713
1456920000000,0.664
1456923600000,0.671
1456927200000,0.62
1456930800000,0.566
1456934400000,0.52
1456938000000,0.506
