1456808400000,0.805
1456812000000,0.802
1456815600000,0.79
1456819200000,0.671
1456822800000,0.735
1456826400000,0.763
1456830000000,0.742
1456833600000,0.84
1456837200000,0.786
1456840800000,0.777
1456844400000,0.807
1456848000000,0.78
1456851600000,0.781
1456855200000,0.845
1456858800000,0.749
1456862400000,0.739
1456866000000,0.73
1456869600000,0.743
1456873200000,0.712
1456876800000,0.739
1456880400000,0.824
1456884000000,0.776
1456887600000,0.697
1456891200000,0.862
1456894800000,0.844
1456898400000,0.656
1456902000000,0.776
1456905600000,0.689
1456909200000,0.906
1456912800000,1.003
1456916400000,1.003
1456920000000,0.911
1456923600000,0.855
1456927200000,0.797
1456930800000,0.765
1456934400000,0.739
1456938000000,0.732
