1456808400000,0.693
1456812000000,0.642
1456815600000,0.649
1456819200000,0.661
1456822800000,0.603
1456826400000,0.467
1456830000000,0.432
1456833600000,0.50
1456837200000,0.603
1456840800000,0.642
1456844400000,0.60
1456848000000,0.57
1456851600000,0.553
1456855200000,0.553
1456858800000,0.532
1456862400000,0.486
1456866000000,0.466
1456869600000,0.49
1456873200000,0.501
1456876800000,0.485
1456880400000,0.458
1456884000000,0.445
1456887600000,0.483
1456891200000,0.47
1456894800000,0.439
1456898400000,0.425
1456902000000,0.423
1456905600000,0.435
1456909200000,0.459
1456912800000,0.476
1456916400000,0.519
1456920000000,0.50
1456923600000,0.456
1456927200000,0.444
1456930800000,0.458
1456934400000,0.497
1456938000000,0.512
