1456790400,42.55
1456791000,36.86
1456791600,32.91
1456792200,36.88
1456792800,37.91
1456793400,33.13
1456794000,36.03
1456794600,34.2
1456795200,35.82
1456795800,34.97
1456796400,30.87
1456797000,30.2
1456797600,32.06
1456798200,30.53
1456798800,32.2
1456799400,33.24
1456800000,33.93
1456800600,27.9
1456801200,26.68
1456801800,26.98
1456802400,26.2
1456803000,29.89
1456803600,32.58
1456804200,29.75
1456804800,31.95
1456805400,32.86
1456806000,33.63
1456806600,34.61
1456807200,34.63
1456807800,40.56
1456808400,40.48
1456809000,68.99
1456809600,53.61
1456810200,53.93
1456810800,56.52
1456811400,54.8
1456812000,52.06
1456812600,54.22
1456813200,55.39
1456813800,47.04
1456814400,54.81
1456815000,56.2
1456815600,55.99
1456816200,51.18
1456816800,57.66
1456817400,53.6
1456818000,58.56
1456818600,68.1
1456819200,58.75
1456819800,60.24
1456820400,60.33
1456821000,65.23
1456821600,50.34
1456822200,54.37
1456822800,61.4
1456823400,67.06
1456824000,58.98
1456824600,58.08
1456825200,59.09
1456825800,61.23
1456826400,89.68
1456827000,64.06
1456827600,63.23
1456828200,60.3
1456828800,55.23
1456829400,58.3
1456830000,64.97
1456830600,61.26
1456831200,63.34
1456831800,59.96
1456832400,68.47
1456833000,67.63
1456833600,63.8
1456834200,62.0
1456834800,65.45
1456835400,70.84
1456836000,63.44
1456836600,60.3
1456837200,59.83
1456837800,66.29
1456838400,55.8
1456839000,60.06
1456839600,48.96
1456840200,58.02
1456840800,51.49
1456841400,47.47
1456842000,50.24
1456842600,52.84
1456843200,44.01
1456843800,45.07
1456844400,46.63
1456845000,50.83
1456845600,58.19
1456846200,50.86
1456846800,52.86
1456847400,49.05
1456848000,50.22
1456848600,44.13
1456849200,49.72
1456849800,53.99
1456850400,48.3
1456851000,57.03
1456851600,57.64
1456852200,55.81
1456852800,53.81
1456853400,44.88
1456854000,38.67
1456854600,39.5
1456855200,40.85
1456855800,38.85
1456856400,30.96
1456857000,36.45
1456857600,38.13
1456858200,32.54
1456858800,37.37
1456859400,36.54
1456860000,44.17
1456860600,45.81
1456861200,42.22
1456861800,41.93
1456862400,43.36
1456863000,47.8
1456863600,48.48
1456864200,43.96
1456864800,42.73
1456865400,40.51
1456866000,41.14
