1456790400,3.34
1456791000,3.28
1456791600,3.27
1456792200,3.25
1456792800,3.25
1456793400,3.24
1456794000,3.25
1456794600,3.24
1456795200,3.23
1456795800,3.25
1456796400,3.29
1456797000,3.31
1456797600,3.28
1456798200,3.3
1456798800,3.32
1456799400,3.4
1456800000,3.34
1456800600,3.28
1456801200,3.29
1456801800,3.3
1456802400,3.31
1456803000,3.32
1456803600,3.32
1456804200,3.33
1456804800,3.35
1456805400,3.34
1456806000,3.33
1456806600,3.32
1456807200,3.3
1456807800,3.3
1456808400,3.33
1456809000,3.4
1456809600,3.47
1456810200,3.59
1456810800,3.69
1456811400,3.72
1456812000,3.72
1456812600,3.73
1456813200,3.73
1456813800,3.73
1456814400,3.74
1456815000,3.75
1456815600,3.74
1456816200,3.74
1456816800,3.73
1456817400,3.72
1456818000,3.71
1456818600,3.7
1456819200,3.71
1456819800,3.72
1456820400,3.73
1456821000,3.73
1456821600,3.71
1456822200,3.7
1456822800,3.69
1456823400,3.67
1456824000,3.65
1456824600,3.63
1456825200,3.61
1456825800,3.57
1456826400,3.56
1456827000,3.56
1456827600,3.54
1456828200,3.54
1456828800,3.54
1456829400,3.55
1456830000,3.55
1456830600,3.56
1456831200,3.58
1456831800,3.59
1456832400,3.6
1456833000,3.62
1456833600,3.64
1456834200,3.65
1456834800,3.66
1456835400,3.68
1456836000,3.7
1456836600,3.7
1456837200,3.7
1456837800,3.71
1456838400,3.71
1456839000,3.72
1456839600,3.71
1456840200,3.72
1456840800,3.69
1456841400,3.68
1456842000,3.67
1456842600,3.68
1456843200,3.65
1456843800,3.67
1456844400,3.67
1456845000,3.68
1456845600,3.72
1456846200,3.71
1456846800,3.69
1456847400,3.69
1456848000,3.61
1456848600,3.6
1456849200,3.61
1456849800,3.64
1456850400,3.6
1456851000,3.68
1456851600,3.66
1456852200,3.65
1456852800,3.68
1456853400,3.56
1456854000,3.44
1456854600,3.47
1456855200,3.45
1456855800,3.4
1456856400,3.37
1456857000,3.39
1456857600,3.42
1456858200,3.41
1456858800,3.42
1456859400,3.42
1456860000,3.45
1456860600,3.44
1456861200,3.44
1456861800,3.42
1456862400,3.4
1456863000,3.4
1456863600,3.38
1456864200,3.34
1456864800,3.33
1456865400,3.32
1456866000,3.31
