1456790400,274.13
1456791000,272.55
1456791600,272.11
1456792200,271.62
1456792800,271.6
1456793400,271.27
1456794000,271.34
1456794600,270.95
1456795200,270.61
1456795800,271.27
1456796400,272.33
1456797000,272.91
1456797600,271.82
1456798200,272.33
1456798800,273.29
1456799400,275.81
1456800000,273.62
1456800600,272.0
1456801200,272.59
1456801800,273.11
1456802400,273.38
1456803000,273.66
1456803600,273.84
1456804200,274.33
1456804800,274.83
1456805400,274.65
1456806000,274.54
1456806600,274.48
1456807200,274.05
1456807800,274.09
1456808400,275.39
1456809000,278.65
1456809600,281.84
1456810200,287.17
1456810800,290.75
1456811400,292.18
1456812000,292.02
1456812600,293.33
1456813200,293.75
1456813800,294.86
1456814400,296.69
1456815000,297.63
1456815600,297.88
1456816200,298.65
1456816800,298.85
1456817400,299.01
1456818000,298.05
1456818600,297.31
1456819200,298.65
1456819800,300.07
1456820400,300.71
1456821000,301.03
1456821600,301.12
1456822200,301.3
1456822800,301.36
1456823400,301.4
1456824000,301.28
1456824600,300.99
1456825200,300.54
1456825800,299.89
1456826400,299.61
1456827000,299.87
1456827600,299.34
1456828200,299.4
1456828800,299.63
1456829400,300.02
1456830000,300.25
1456830600,300.7
1456831200,300.99
1456831800,301.48
1456832400,301.79
1456833000,302.16
1456833600,302.34
1456834200,302.55
1456834800,302.28
1456835400,301.47
1456836000,301.8
1456836600,302.11
1456837200,301.78
1456837800,302.67
1456838400,301.93
1456839000,301.99
1456839600,301.31
1456840200,301.77
1456840800,300.51
1456841400,299.98
1456842000,299.62
1456842600,300.06
1456843200,297.91
1456843800,298.61
1456844400,299.11
1456845000,300.22
1456845600,301.96
1456846200,300.77
1456846800,299.14
1456847400,298.76
1456848000,294.73
1456848600,293.76
1456849200,294.9
1456849800,297.17
1456850400,294.98
1456851000,300.07
1456851600,298.17
1456852200,297.84
1456852800,299.08
1456853400,292.31
1456854000,286.26
1456854600,288.37
1456855200,287.04
1456855800,283.96
1456856400,281.91
1456857000,283.07
1456857600,284.41
1456858200,283.73
1456858800,283.77
1456859400,284.41
1456860000,285.68
1456860600,284.39
1456861200,284.13
1456861800,282.92
1456862400,281.57
1456863000,281.28
1456863600,279.89
1456864200,278.41
1456864800,278.0
1456865400,277.37
1456866000,276.65
