1456792200,0.24
1456793400,0.25
1456794000,0.25
1456794600,0.24
1456795200,0.23
1456795800,0.25
1456796400,0.23
1456797000,0.26
1456797600,0.26
1456798200,0.25
1456798800,0.25
1456799400,0.25
1456800000,0.24
1456800600,0.26
1456801200,0.25
1456801800,0.24
1456802400,0.25
1456803000,0.25
1456803600,0.24
1456804200,0.25
1456804800,0.25
1456805400,0.26
1456806000,0.26
1456806600,0.25
1456807200,0.25
1456807800,0.23
1456808400,0.26
1456809000,0.25
1456809600,0.26
1456810200,0.26
1456810800,0.27
1456811400,0.25
1456812000,0.27
1456812600,0.25
1456813200,0.26
1456813800,0.26
1456814400,0.25
1456815000,0.26
1456815600,0.26
1456816200,0.25
1456816800,0.26
1456817400,0.26
1456818000,0.25
1456818600,0.24
1456819200,0.26
1456819800,0.25
1456820400,0.26
1456821000,0.26
1456821600,0.27
1456822200,0.26
1456822800,0.25
1456823400,0.27
1456824000,0.28
1456824600,0.27
1456825200,0.26
1456825800,0.26
1456826400,0.26
1456827000,0.27
1456827600,0.28
1456828200,0.26
1456828800,0.27
1456829400,0.27
1456830000,0.28
1456830600,0.26
1456831200,0.27
1456831800,0.26
1456832400,0.27
1456833000,0.27
1456833600,0.26
1456834200,0.27
1456834800,0.27
1456835400,0.26
1456836000,0.27
1456836600,0.28
1456837200,0.26
1456837800,0.27
1456838400,0.27
1456839000,0.28
1456839600,0.28
1456840200,0.26
1456840800,0.28
1456841400,0.27
1456842000,0.29
1456842600,0.28
1456843200,0.28
1456843800,0.28
1456844400,0.28
1456845000,0.27
1456845600,0.28
1456846200,0.25
1456846800,0.27
1456847400,0.28
1456848000,0.27
1456848600,0.26
1456849200,0.28
1456849800,0.25
1456850400,0.27
1456851000,0.27
1456851600,0.26
1456852200,0.28
1456852800,0.27
1456853400,0.28
1456854000,0.27
1456854600,0.27
1456855200,0.27
1456855800,0.28
1456856400,0.27
1456857000,0.28
1456857600,0.27
1456858200,0.28
1456858800,0.26
1456859400,0.27
1456860000,0.28
1456860600,0.26
1456861200,0.26
1456861800,0.28
1456862400,0.28
1456863000,0.28
1456863600,0.28
1456864200,0.29
1456864800,0.27
1456865400,0.29
1456866000,0.28
