1456792200,-998.0
1456793400,-998.0
1456794000,-998.0
1456794600,-998.0
1456795200,-998.0
1456795800,-998.0
1456796400,-998.0
1456797000,-998.0
1456797600,-998.0
1456798200,-998.0
1456798800,-998.0
1456799400,-998.0
1456800000,-998.0
1456800600,-998.0
1456801200,-998.0
1456801800,-998.0
1456802400,-998.0
1456803000,-998.0
1456803600,-998.0
1456804200,-998.0
1456804800,-998.0
1456805400,-998.0
1456806000,-998.0
1456806600,-998.0
1456807200,-998.0
1456807800,-998.0
1456808400,-998.0
1456809000,-998.0
1456809600,-998.0
1456810200,-998.0
1456810800,-998.0
1456811400,-998.0
1456812000,-998.0
1456812600,-998.0
1456813200,-998.0
1456813800,-998.0
1456814400,-998.0
1456815000,-998.0
1456815600,-998.0
1456816200,-998.0
1456816800,-998.0
1456817400,-998.0
1456818000,-998.0
1456818600,-998.0
1456819200,-998.0
1456819800,-998.0
1456820400,-998.0
1456821000,-998.0
1456821600,-998.0
1456822200,-998.0
1456822800,-998.0
1456823400,-998.0
1456824000,-998.0
1456824600,-998.0
1456825200,-998.0
1456825800,-998.0
1456826400,-998.0
1456827000,-998.0
1456827600,-998.0
1456828200,-998.0
1456828800,-998.0
1456829400,-998.0
1456830000,-998.0
1456830600,-998.0
1456831200,-998.0
1456831800,-998.0
1456832400,-998.0
1456833000,-998.0
1456833600,-998.0
1456834200,-998.0
1456834800,-998.0
1456835400,-998.0
1456836000,-998.0
1456836600,-998.0
1456837200,-998.0
1456837800,-998.0
1456838400,-998.0
1456839000,-998.0
1456839600,-998.0
1456840200,-998.0
1456840800,-998.0
1456841400,-998.0
1456842000,-998.0
1456842600,-998.0
1456843200,-998.0
1456843800,-998.0
1456844400,-998.0
1456845000,-998.0
1456845600,-998.0
1456846200,-998.0
1456846800,-998.0
1456847400,-998.0
1456848000,-998.0
1456848600,-998.0
1456849200,-998.0
1456849800,-998.0
1456850400,-998.0
1456851000,-998.0
1456851600,-998.0
1456852200,-998.0
1456852800,-998.0
1456853400,-998.0
1456854000,-998.0
1456854600,-998.0
1456855200,-998.0
1456855800,-998.0
1456856400,-998.0
1456857000,-998.0
1456857600,-998.0
1456858200,-998.0
1456858800,-998.0
1456859400,-998.0
1456860000,-998.0
1456860600,-998.0
1456861200,-998.0
1456861800,-998.0
1456862400,-998.0
1456863000,-998.0
1456863600,-998.0
1456864200,-998.0
1456864800,-998.0
1456865400,-998.0
1456866000,-998.0
