1456792200,13.09
1456793400,13.08
1456794000,13.08
1456794600,13.08
1456795200,13.08
1456795800,13.08
1456796400,13.07
1456797000,13.07
1456797600,13.07
1456798200,13.06
1456798800,13.06
1456799400,13.07
1456800000,13.05
1456800600,13.04
1456801200,13.05
1456801800,13.04
1456802400,13.06
1456803000,13.05
1456803600,13.04
1456804200,13.02
1456804800,13.01
1456805400,13.01
1456806000,13.01
1456806600,13.0
1456807200,12.98
1456807800,12.96
1456808400,12.94
1456809000,12.93
1456809600,12.91
1456810200,12.89
1456810800,12.88
1456811400,12.88
1456812000,12.88
1456812600,12.87
1456813200,12.85
1456813800,12.83
1456814400,12.81
1456815000,12.8
1456815600,12.8
1456816200,12.8
1456816800,12.78
1456817400,12.76
1456818000,12.74
1456818600,12.73
1456819200,12.73
1456819800,12.72
1456820400,12.71
1456821000,12.69
1456821600,12.67
1456822200,12.66
1456822800,12.67
1456823400,12.67
1456824000,12.65
1456824600,12.63
1456825200,12.62
1456825800,12.61
1456826400,12.61
1456827000,12.6
1456827600,12.59
1456828200,12.58
1456828800,12.55
1456829400,12.54
1456830000,12.53
1456830600,12.51
1456831200,12.48
1456831800,12.48
1456832400,12.47
1456833000,12.44
1456833600,12.42
1456834200,12.4
1456834800,12.4
1456835400,12.39
1456836000,12.37
1456836600,12.34
1456837200,12.28
1456837800,12.25
1456838400,12.24
1456839000,12.23
1456839600,12.22
1456840200,12.23
1456840800,12.22
1456841400,12.22
1456842000,12.22
1456842600,12.22
1456843200,12.21
1456843800,12.21
1456844400,12.21
1456845000,12.2
1456845600,12.18
1456846200,12.18
1456846800,12.18
1456847400,12.17
1456848000,12.16
1456848600,12.16
1456849200,12.16
1456849800,12.16
1456850400,12.16
1456851000,12.16
1456851600,12.16
1456852200,12.15
1456852800,12.14
1456853400,12.14
1456854000,12.14
1456854600,12.14
1456855200,12.13
1456855800,12.13
1456856400,12.13
1456857000,12.12
1456857600,12.12
1456858200,12.12
1456858800,12.11
1456859400,12.11
1456860000,12.11
1456860600,12.11
1456861200,12.1
1456861800,12.11
1456862400,12.11
1456863000,12.12
1456863600,12.13
1456864200,12.16
1456864800,12.17
1456865400,12.16
1456866000,12.16
