1456808400000,0.493
1456812000000,0.441
1456815600000,0.345
1456819200000,0.404
1456822800000,0.476
1456826400000,0.449
1456830000000,0.49
1456833600000,0.534
1456837200000,0.545
1456840800000,0.512
1456844400000,0.491
1456848000000,0.489
1456851600000,0.44
1456855200000,0.419
1456858800000,0.395
1456862400000,0.36
1456866000000,0.355
1456869600000,0.37
1456873200000,0.366
1456876800000,0.377
1456880400000,0.388
1456884000000,0.368
1456887600000,0.374
1456891200000,0.403
1456894800000,0.384
1456898400000,0.401
1456902000000,0.414
1456905600000,0.484
1456909200000,0.488
1456912800000,0.489
1456916400000,0.566
1456920000000,0.542
1456923600000,0.53
1456927200000,0.509
1456930800000,0.496
1456934400000,0.459
1456938000000,0.415
