1456808400000,0.685
1456812000000,0.692
1456815600000,0.696
1456819200000,0.63
1456822800000,0.557
1456826400000,0.559
1456830000000,0.572
1456833600000,0.584
1456837200000,0.57
1456840800000,0.544
1456844400000,0.532
1456848000000,0.544
1456851600000,0.545
1456855200000,0.539
1456858800000,0.527
1456862400000,0.515
1456866000000,0.51
1456869600000,0.50
1456873200000,0.469
1456876800000,0.439
1456880400000,0.417
1456884000000,0.395
1456887600000,0.367
1456891200000,0.326
1456894800000,0.298
1456898400000,0.301
1456902000000,0.307
1456905600000,0.31
1456909200000,0.312
1456912800000,0.347
1456916400000,0.396
1456920000000,0.44
1456923600000,0.441
1456927200000,0.416
1456930800000,0.412
1456934400000,0.444
1456938000000,0.47
