1456808400000,0.617
1456812000000,0.688
1456815600000,0.733
1456819200000,0.744
1456822800000,0.723
1456826400000,0.709
1456830000000,0.732
1456833600000,0.744
1456837200000,0.722
1456840800000,0.712
1456844400000,0.704
1456848000000,0.724
1456851600000,0.738
1456855200000,0.733
1456858800000,0.724
1456862400000,0.713
1456866000000,0.709
1456869600000,0.702
1456873200000,0.696
1456876800000,0.687
1456880400000,0.678
1456884000000,0.677
1456887600000,0.658
1456891200000,0.648
1456894800000,0.635
1456898400000,0.634
1456902000000,0.644
1456905600000,0.642
1456909200000,0.63
1456912800000,0.611
1456916400000,0.609
1456920000000,0.604
1456923600000,0.616
1456927200000,0.639
1456930800000,0.642
1456934400000,0.639
1456938000000,0.628
