1456808400000,0.55
1456812000000,0.556
1456815600000,0.554
1456819200000,0.538
1456822800000,0.50
1456826400000,0.478
1456830000000,0.467
1456833600000,0.462
1456837200000,0.452
1456840800000,0.435
1456844400000,0.423
1456848000000,0.414
1456851600000,0.406
1456855200000,0.396
1456858800000,0.382
1456862400000,0.37
1456866000000,0.363
1456869600000,0.358
1456873200000,0.34
1456876800000,0.323
1456880400000,0.297
1456884000000,0.274
1456887600000,0.249
1456891200000,0.222
1456894800000,0.193
1456898400000,0.164
1456902000000,0.147
1456905600000,0.137
1456909200000,0.126
1456912800000,0.119
1456916400000,0.139
1456920000000,0.162
1456923600000,0.174
1456927200000,0.173
1456930800000,0.167
1456934400000,0.182
1456938000000,0.191
