1456808400000,0.826
1456812000000,0.801
1456815600000,0.819
1456819200000,0.787
1456822800000,0.805
1456826400000,0.822
1456830000000,0.801
1456833600000,0.836
1456837200000,0.825
1456840800000,0.801
1456844400000,0.805
1456848000000,0.79
1456851600000,0.816
1456855200000,0.822
1456858800000,0.836
1456862400000,0.828
1456866000000,0.828
1456869600000,0.804
1456873200000,0.846
1456876800000,0.859
1456880400000,0.84
1456884000000,0.828
1456887600000,0.856
1456891200000,0.877
1456894800000,0.861
1456898400000,0.877
1456902000000,0.901
1456905600000,0.887
1456909200000,0.859
1456912800000,0.855
1456916400000,0.814
1456920000000,0.851
1456923600000,0.863
1456927200000,0.851
