1456790400,102.63
1456791000,102.67
1456791600,102.61
1456792200,102.62
1456792800,102.58
1456793400,102.6
1456794000,102.54
1456794600,102.55
1456795200,102.54
1456795800,102.5
1456796400,102.47
1456797000,102.51
1456797600,102.46
1456798200,102.49
1456798800,102.46
1456799400,102.52
1456800000,102.48
1456800600,102.44
1456801200,102.41
1456801800,102.46
1456802400,102.41
1456803000,102.67
1456803600,102.42
1456804200,102.4
1456804800,102.44
1456805400,102.44
1456806000,102.39
1456806600,102.42
1456807200,102.41
1456807800,102.72
1456808400,102.45
1456809000,102.43
1456809600,102.41
1456810200,102.35
1456810800,102.37
1456811400,102.41
1456812000,102.44
1456812600,102.68
1456813200,102.43
1456813800,102.35
1456814400,102.29
1456815000,102.27
1456815600,102.29
1456816200,102.28
1456816800,102.25
1456817400,102.39
1456818000,102.32
1456818600,102.23
1456819200,102.24
1456820400,102.18
1456821000,102.15
1456821600,102.18
1456822200,102.19
1456822800,102.33
1456823400,102.22
1456824000,102.15
1456824600,102.13
1456825200,102.09
1456825800,102.04
1456826400,102.04
1456827000,102.02
1456827600,102.23
1456828200,101.96
1456828800,101.88
1456829400,101.89
1456830000,101.87
1456830600,101.91
1456831200,101.87
1456831800,101.88
1456832400,102.16
1456833000,101.94
1456833600,101.83
1456834200,101.83
1456834800,101.79
1456835400,101.8
1456836000,101.82
1456836600,101.79
1456837200,102.02
1456837800,101.81
1456838400,101.81
1456839000,101.75
1456839600,101.72
1456840200,101.74
1456840800,101.71
1456841400,101.67
1456842000,101.75
1456842600,101.94
1456843200,101.82
1456843800,101.77
1456844400,101.75
1456845000,101.71
1456845600,101.67
1456846200,101.62
1456846800,101.6
1456847400,101.52
1456848000,101.49
1456848600,101.52
1456849200,101.45
1456849800,101.42
1456850400,101.4
1456851000,101.37
1456851600,101.37
1456852200,101.44
1456852800,101.44
1456853400,101.64
1456854000,101.75
1456854600,101.83
1456855200,101.88
1456855800,101.93
1456856400,101.96
1456857000,102.03
1456857600,102.06
1456858200,102.03
1456858800,102.01
1456859400,102.0
1456860000,101.97
1456860600,101.94
1456861200,101.89
1456861800,101.85
1456862400,101.81
1456863000,101.78
1456863600,101.81
1456864200,101.76
1456864800,101.81
1456865400,101.77
1456866000,101.82
1456866600,101.77
