1456790400,0.62
1456791000,0.65
1456791600,0.66
1456792200,0.81
1456792800,0.67
1456793400,0.65
1456794000,0.67
1456794600,0.68
1456795200,0.69
1456795800,0.63
1456796400,0.64
1456797000,0.59
1456797600,0.66
1456798200,0.67
1456798800,0.63
1456799400,0.7
1456800000,0.63
1456800600,0.63
1456801200,0.67
1456801800,0.71
1456802400,0.61
1456803000,0.64
1456803600,0.66
1456804200,0.63
1456804800,0.7
1456805400,0.7
1456806000,0.69
1456806600,0.74
1456807200,0.65
1456807800,0.66
1456808400,0.74
1456809000,0.74
1456809600,0.72
1456810200,0.74
1456810800,0.83
1456811400,0.8
1456812000,0.79
1456812600,0.78
1456813200,0.74
1456813800,0.81
1456814400,0.77
1456815000,0.75
1456815600,0.72
1456816200,0.69
1456816800,0.7
1456817400,0.73
1456818000,0.74
1456818600,0.73
1456819200,0.79
1456820400,0.78
1456821000,0.73
1456821600,0.74
1456822200,0.73
1456822800,0.77
1456823400,0.82
1456824000,0.79
1456824600,0.77
1456825200,0.71
1456825800,0.75
1456826400,0.78
1456827000,0.78
1456827600,0.66
1456828200,0.75
1456828800,0.68
1456829400,0.76
1456830000,0.72
1456830600,0.81
1456831200,0.7
1456831800,0.74
1456832400,0.68
1456833000,0.72
1456833600,0.76
1456834200,0.63
1456834800,0.67
1456835400,0.73
1456836000,0.68
1456836600,0.68
1456837200,0.66
1456837800,0.79
1456838400,1.13
1456839000,0.64
1456839600,0.72
1456840200,0.83
1456840800,0.68
1456841400,0.67
1456842000,0.76
1456842600,0.78
1456843200,0.75
1456843800,0.78
1456844400,0.68
1456845000,0.65
1456845600,0.69
1456846200,0.65
1456846800,0.66
1456847400,0.63
1456848000,0.69
1456848600,0.67
1456849200,0.7
1456849800,0.64
1456850400,0.67
1456851000,0.66
1456851600,0.72
1456852200,0.68
1456852800,0.7
1456853400,0.78
1456854000,0.68
1456854600,0.9
1456855200,0.7
1456855800,0.81
1456856400,0.73
1456857000,0.75
1456857600,0.78
1456858200,0.75
1456858800,0.75
1456859400,0.71
1456860000,0.71
1456860600,0.66
1456861200,0.68
1456861800,0.78
1456862400,0.74
1456863000,0.67
1456863600,0.73
1456864200,0.72
1456864800,0.66
1456865400,0.65
1456866000,0.69
1456866600,0.69
