1456790400,270.87
1456791000,270.67
1456791600,270.58
1456792200,270.46
1456792800,270.49
1456793400,270.5
1456794000,270.74
1456794600,271.0
1456795200,271.04
1456795800,271.46
1456796400,271.81
1456797000,272.34
1456797600,272.91
1456798200,273.06
1456798800,272.85
1456799400,271.92
1456800000,271.8
1456800600,271.86
1456801200,271.74
1456801800,271.78
1456802400,271.68
1456803000,271.58
1456803600,271.56
1456804200,271.6
1456804800,271.56
1456805400,271.56
1456806000,271.48
1456806600,271.5
1456807200,271.4
1456807800,271.37
1456808400,271.36
1456809000,271.37
1456809600,271.34
1456810200,271.33
1456810800,271.48
1456811400,271.72
1456812000,271.72
1456812600,271.69
1456813200,271.63
1456813800,271.69
1456814400,271.9
1456815000,271.98
1456815600,271.96
1456816200,271.95
1456816800,271.81
1456817400,271.76
1456818000,271.7
1456818600,271.6
1456819200,271.48
1456820400,271.44
1456821000,271.54
1456821600,271.43
1456822200,271.38
1456822800,271.3
1456823400,271.32
1456824000,271.09
1456824600,271.11
1456825200,271.47
1456825800,271.71
1456826400,271.94
1456827000,272.18
1456827600,272.23
1456828200,272.23
1456828800,272.24
1456829400,272.23
1456830000,271.98
1456830600,272.01
1456831200,272.1
1456831800,272.15
1456832400,272.11
1456833000,272.17
1456833600,272.19
1456834200,272.13
1456834800,272.14
1456835400,272.1
1456836000,272.11
1456836600,272.03
1456837200,272.03
1456837800,271.93
1456838400,271.93
1456839000,272.03
1456839600,272.0
1456840200,271.88
1456840800,271.78
1456841400,271.71
1456842000,271.28
1456842600,271.04
1456843200,271.3
1456843800,271.34
1456844400,271.53
1456845000,271.91
1456845600,271.66
1456846200,272.09
1456846800,272.3
1456847400,272.57
1456848000,272.73
1456848600,273.02
1456849200,273.48
1456849800,273.94
1456850400,274.68
1456851000,275.87
1456851600,276.51
1456852200,276.6
1456852800,275.84
1456853400,274.51
1456854000,273.67
1456854600,272.84
1456855200,272.45
1456855800,271.94
1456856400,271.54
1456857000,271.28
1456857600,271.4
1456858200,271.43
1456858800,271.62
1456859400,272.08
1456860000,272.92
1456860600,273.32
1456861200,273.65
1456861800,273.72
1456862400,274.31
1456863000,274.53
1456863600,274.61
1456864200,274.64
1456864800,274.8
1456865400,274.76
1456866000,274.83
1456866600,274.75
