1456790400,13.93
1456791000,13.94
1456791600,13.93
1456792200,13.94
1456792800,13.93
1456793400,13.94
1456794000,13.93
1456794600,13.93
1456795200,13.92
1456795800,13.92
1456796400,13.91
1456797000,13.91
1456797600,13.9
1456798200,13.9
1456798800,13.9
1456799400,13.93
1456800000,13.93
1456800600,13.92
1456801200,13.92
1456801800,13.93
1456802400,13.92
1456803000,13.96
1456803600,13.93
1456804200,13.92
1456804800,13.93
1456805400,13.93
1456806000,13.93
1456806600,13.93
1456807200,13.93
1456807800,13.97
1456808400,13.94
1456809000,13.94
1456809600,13.94
1456810200,13.93
1456810800,13.93
1456811400,13.93
1456812000,13.94
1456812600,13.98
1456813200,13.95
1456813800,13.94
1456814400,13.93
1456815000,13.92
1456815600,13.92
1456816200,13.92
1456816800,13.92
1456817400,13.94
1456818000,13.93
1456818600,13.93
1456819200,13.93
1456820400,13.93
1456821000,13.93
1456821600,13.94
1456822200,13.94
1456822800,13.96
1456823400,13.95
1456824000,13.94
1456824600,13.94
1456825200,13.93
1456825800,13.93
1456826400,13.92
1456827000,13.92
1456827600,13.95
1456828200,13.91
1456828800,13.91
1456829400,13.91
1456830000,13.91
1456830600,13.92
1456831200,13.91
1456831800,13.92
1456832400,13.96
1456833000,13.93
1456833600,13.91
1456834200,13.92
1456834800,13.91
1456835400,13.91
1456836000,13.92
1456836600,13.91
1456837200,13.95
1456837800,13.92
1456838400,13.92
1456839000,13.91
1456839600,13.91
1456840200,13.91
1456840800,13.91
1456841400,13.91
1456842000,13.92
1456842600,13.95
1456843200,13.93
1456843800,13.93
1456844400,13.92
1456845000,13.92
1456845600,13.91
1456846200,13.9
1456846800,13.89
1456847400,13.87
1456848000,13.86
1456848600,13.87
1456849200,13.85
1456849800,13.84
1456850400,13.82
1456851000,13.79
1456851600,13.78
1456852200,13.78
1456852800,13.79
1456853400,13.83
1456854000,13.85
1456854600,13.88
1456855200,13.89
1456855800,13.9
1456856400,13.91
1456857000,13.92
1456857600,13.92
1456858200,13.91
1456858800,13.91
1456859400,13.9
1456860000,13.87
1456860600,13.86
1456861200,13.85
1456861800,13.84
1456862400,13.82
1456863000,13.81
1456863600,13.81
1456864200,13.81
1456864800,13.81
1456865400,13.8
1456866000,13.81
1456866600,13.8
