1456790400,2.67
1456791000,2.66
1456791600,2.65
1456792200,2.63
1456792800,2.63
1456793400,2.64
1456794000,2.64
1456794600,2.64
1456795200,2.64
1456795800,2.65
1456796400,2.66
1456797000,2.67
1456797600,2.67
1456798200,2.68
1456798800,2.68
1456799400,2.63
1456800000,2.61
1456800600,2.61
1456801200,2.6
1456801800,2.61
1456802400,2.61
1456803000,2.6
1456803600,2.59
1456804200,2.59
1456804800,2.59
1456805400,2.59
1456806000,2.59
1456806600,2.59
1456807200,2.58
1456807800,2.58
1456808400,2.57
1456809000,2.57
1456809600,2.56
1456810200,2.55
1456810800,2.56
1456811400,2.57
1456812000,2.57
1456812600,2.56
1456813200,2.55
1456813800,2.54
1456814400,2.55
1456815000,2.56
1456815600,2.56
1456816200,2.56
1456816800,2.55
1456817400,2.54
1456818000,2.54
1456818600,2.53
1456819200,2.51
1456820400,2.49
1456821000,2.49
1456821600,2.48
1456822200,2.48
1456822800,2.47
1456823400,2.47
1456824000,2.45
1456824600,2.45
1456825200,2.46
1456825800,2.46
1456826400,2.46
1456827000,2.46
1456827600,2.46
1456828200,2.46
1456828800,2.46
1456829400,2.45
1456830000,2.45
1456830600,2.44
1456831200,2.43
1456831800,2.43
1456832400,2.42
1456833000,2.42
1456833600,2.41
1456834200,2.41
1456834800,2.41
1456835400,2.4
1456836000,2.4
1456836600,2.39
1456837200,2.39
1456837800,2.39
1456838400,2.39
1456839000,2.4
1456839600,2.39
1456840200,2.39
1456840800,2.38
1456841400,2.38
1456842000,2.37
1456842600,2.36
1456843200,2.36
1456843800,2.36
1456844400,2.36
1456845000,2.36
1456845600,2.36
1456846200,2.38
1456846800,2.39
1456847400,2.41
1456848000,2.43
1456848600,2.43
1456849200,2.45
1456849800,2.47
1456850400,2.52
1456851000,2.58
1456851600,2.62
1456852200,2.63
1456852800,2.61
1456853400,2.58
1456854000,2.55
1456854600,2.52
1456855200,2.5
1456855800,2.49
1456856400,2.48
1456857000,2.48
1456857600,2.49
1456858200,2.48
1456858800,2.49
1456859400,2.52
1456860000,2.57
1456860600,2.59
1456861200,2.6
1456861800,2.62
1456862400,2.65
1456863000,2.66
1456863600,2.67
1456864200,2.68
1456864800,2.69
1456865400,2.69
1456866000,2.69
1456866600,2.69
