1456808400000,0.732
1456812000000,0.737
1456815600000,0.741
1456819200000,0.743
1456822800000,0.747
1456826400000,0.749
1456830000000,0.752
1456833600000,0.752
1456837200000,0.751
1456840800000,0.748
1456844400000,0.748
1456848000000,0.752
1456851600000,0.752
1456855200000,0.759
1456858800000,0.768
1456862400000,0.772
1456866000000,0.772
1456869600000,0.773
1456873200000,0.778
1456876800000,0.784
1456880400000,0.787
1456884000000,0.788
1456887600000,0.792
1456891200000,0.799
1456894800000,0.80
1456898400000,0.80
1456902000000,0.805
1456905600000,0.81
1456909200000,0.819
1456912800000,0.818
1456916400000,0.812
1456920000000,0.804
1456923600000,0.799
1456927200000,0.799
1456930800000,0.795
1456934400000,0.795
1456938000000,0.80
