1456845000,4.1
1456845600,3.46
1456846200,3.18
1456846800,2.88
1456847400,2.65
1456848000,2.56
1456848600,2.48
1456849200,2.4
1456849800,2.34
1456850400,2.29
1456851000,2.28
1456851600,2.25
1456852200,2.24
1456852800,2.26
1456853400,2.25
1456854000,2.25
1456854600,2.27
1456855200,2.27
1456855800,2.26
1456856400,2.27
1456857000,2.27
1456857600,2.29
1456858200,2.3
1456858800,2.31
1456859400,2.3
1456860000,2.3
1456860600,2.3
1456861200,2.31
1456861800,2.32
1456862400,2.32
1456863000,2.32
1456863600,2.35
1456864200,2.35
1456864800,2.38
1456865400,2.36
1456866000,2.37
