1456845000,388.7
1456845600,359.05
1456846200,332.89
1456846800,310.71
1456847400,298.6
1456848000,288.64
1456848600,283.54
1456849200,282.05
1456849800,277.71
1456850400,275.06
1456851000,271.26
1456851600,270.77
1456852200,269.4
1456852800,271.5
1456853400,270.42
1456854000,268.69
1456854600,270.69
1456855200,269.1
1456855800,270.09
1456856400,268.14
1456857000,269.59
1456857600,270.01
1456858200,269.5
1456858800,269.45
1456859400,268.72
1456860000,269.52
1456860600,267.39
1456861200,267.84
1456861800,267.84
1456862400,268.04
1456863000,267.07
1456863600,267.92
1456864200,268.75
1456864800,271.13
1456865400,269.59
1456866000,270.07
