1456845000,0.5
1456845600,0.57
1456846200,0.57
1456846800,0.64
1456847400,0.63
1456848000,0.64
1456848600,0.64
1456849200,0.68
1456849800,0.69
1456850400,0.68
1456851000,0.69
1456851600,0.69
1456852200,0.68
1456852800,0.73
1456853400,0.68
1456854000,0.69
1456854600,0.67
1456855200,0.69
1456855800,0.71
1456856400,0.7
1456857000,0.68
1456857600,0.68
1456858200,0.67
1456858800,0.68
1456859400,0.69
1456860000,0.67
1456860600,0.69
1456861200,0.65
1456861800,0.67
1456862400,0.69
1456863000,0.71
1456863600,0.73
1456864200,0.74
1456864800,0.68
1456865400,0.73
1456866000,0.7
