1456845000,7.39
1456845600,7.5
1456846200,7.59
1456846800,7.69
1456847400,7.77
1456848000,7.81
1456848600,7.85
1456849200,7.86
1456849800,7.88
1456850400,7.92
1456851000,7.89
1456851600,7.91
1456852200,7.95
1456852800,7.92
1456853400,7.94
1456854000,7.97
1456854600,7.92
1456855200,7.93
1456855800,7.98
1456856400,7.95
1456857000,7.98
1456857600,7.94
1456858200,7.94
1456858800,7.96
1456859400,7.95
1456860000,7.95
1456860600,7.95
1456861200,7.92
1456861800,7.94
1456862400,7.95
1456863000,7.96
1456863600,7.94
1456864200,7.96
1456864800,7.95
1456865400,7.96
1456866000,7.96
