1456808400000,0.525
1456812000000,0.451
1456815600000,0.386
1456819200000,0.382
1456822800000,0.513
1456826400000,0.557
1456830000000,0.51
1456833600000,0.49
1456837200000,0.55
1456840800000,0.588
1456844400000,0.526
1456848000000,0.428
1456851600000,0.445
1456855200000,0.462
1456858800000,0.433
1456862400000,0.363
1456866000000,0.361
1456869600000,0.418
1456873200000,0.429
1456876800000,0.426
1456880400000,0.396
1456884000000,0.392
1456887600000,0.42
1456891200000,0.481
1456894800000,0.469
1456898400000,0.442
1456902000000,0.491
1456905600000,0.564
1456909200000,0.605
1456912800000,0.587
1456916400000,0.593
1456920000000,0.653
1456923600000,0.636
1456927200000,0.588
1456930800000,0.513
1456934400000,0.46
1456938000000,0.449
