1456790400,96.85
1456791000,96.87
1456791600,96.85
1456792200,96.81
1456792800,96.88
1456793400,96.92
1456794000,96.87
1456794600,96.86
1456795200,96.8
1456795800,96.88
1456796400,96.89
1456797000,96.87
1456797600,96.85
1456798200,96.8
1456798800,96.68
1456799400,96.65
1456800000,96.7
1456800600,96.6
1456801200,96.61
1456801800,96.61
1456802400,96.72
1456803000,96.65
1456803600,96.75
1456804200,96.69
1456804800,96.72
1456805400,96.77
1456806000,96.84
1456806600,96.83
1456807200,96.72
1456807800,96.76
1456808400,96.75
1456809000,96.73
1456809600,96.85
1456810200,96.94
1456810800,96.95
1456811400,96.74
1456812000,96.91
1456812600,96.95
1456813200,96.95
1456813800,96.82
1456814400,96.78
1456815000,96.84
1456815600,96.92
1456816200,96.84
1456816800,96.73
1456817400,96.81
1456818000,96.68
1456818600,96.69
1456819200,96.75
1456819800,96.62
1456820400,96.71
1456821000,96.61
1456821600,96.59
1456822200,96.68
1456822800,96.59
1456823400,96.57
1456824000,96.59
1456824600,96.59
1456825200,96.56
1456825800,96.45
1456826400,96.56
1456827000,96.53
1456827600,96.39
1456828200,96.46
1456828800,96.41
1456829400,96.33
1456830000,96.3
1456830600,96.4
1456831200,96.39
1456831800,96.35
1456832400,96.22
1456833000,96.32
1456833600,96.21
1456834200,96.29
1456834800,96.24
1456835400,96.12
1456836000,96.22
1456836600,96.07
1456837200,96.04
1456837800,96.02
1456838400,95.76
1456839000,95.24
1456839600,95.0
1456840200,94.77
1456840800,94.66
1456841400,94.63
1456842000,94.5
1456842600,94.49
1456843200,94.48
1456843800,94.44
1456844400,94.38
1456845000,94.36
1456845600,94.33
1456846200,94.29
1456846800,94.15
1456847400,94.31
1456848000,94.46
1456848600,94.7
1456849200,94.95
1456849800,95.06
1456850400,95.12
1456851000,94.78
1456851600,94.67
1456852200,94.64
1456852800,94.49
1456853400,94.37
1456854000,94.39
1456854600,94.31
1456855200,94.27
1456855800,94.36
1456856400,94.43
1456857000,94.54
1456857600,94.6
1456858200,94.5
1456858800,94.42
1456859400,94.43
1456860000,94.38
1456860600,94.51
1456861200,94.55
1456861800,94.71
1456862400,94.88
1456863000,95.02
1456863600,95.22
1456864200,95.4
1456864800,95.47
1456865400,95.54
1456866000,95.57
