1456790400,258.06
1456791000,256.51
1456791600,255.37
1456792200,254.85
1456792800,254.82
1456793400,254.56
1456794000,253.99
1456794600,253.2
1456795200,251.77
1456795800,250.06
1456796400,248.32
1456797000,246.97
1456797600,246.11
1456798200,245.59
1456798800,245.74
1456799400,246.29
1456800000,247.1
1456800600,248.02
1456801200,248.44
1456801800,248.31
1456802400,247.39
1456803000,245.27
1456803600,243.09
1456804200,241.34
1456804800,240.03
1456805400,237.98
1456806000,236.65
1456806600,236.02
1456807200,235.11
1456807800,233.95
1456808400,233.37
1456809000,232.77
1456809600,231.72
1456810200,231.16
1456810800,230.48
1456811400,229.95
1456812000,229.59
1456812600,229.37
1456813200,228.97
1456813800,228.68
1456814400,228.84
1456815000,228.26
1456815600,227.95
1456816200,227.87
1456816800,227.94
1456817400,228.22
1456818000,228.62
1456818600,229.14
1456819200,229.79
1456819800,230.61
1456820400,231.75
1456821000,233.1
1456821600,234.52
1456822200,234.32
1456822800,236.78
1456823400,238.14
1456824000,239.09
1456824600,240.39
1456825200,241.43
1456825800,242.11
1456826400,242.98
1456827000,243.55
1456827600,244.71
1456828200,245.86
1456828800,246.46
1456829400,246.96
1456830000,247.33
1456830600,247.86
1456831200,248.57
1456831800,249.1
1456832400,249.89
1456833000,250.78
1456833600,251.86
1456834200,253.85
1456834800,256.27
1456835400,257.52
1456836000,258.73
1456836600,258.6
1456837200,257.18
1456837800,256.92
1456838400,266.27
1456839000,282.49
1456839600,295.77
1456840200,306.64
1456840800,310.66
1456841400,312.44
1456842000,313.72
1456842600,316.93
1456843200,318.95
1456843800,318.58
1456844400,317.82
1456845000,316.98
1456845600,316.91
1456846200,316.73
1456846800,316.46
1456847400,314.98
1456848000,310.7
1456848600,304.22
1456849200,296.07
1456849800,291.17
1456850400,289.06
1456851000,292.44
1456851600,297.69
1456852200,301.93
1456852800,305.37
1456853400,307.58
1456854000,309.0
1456854600,309.28
1456855200,309.47
1456855800,308.99
1456856400,307.67
1456857000,306.85
1456857600,308.1
1456858200,310.57
1456858800,315.91
1456859400,319.32
1456860000,321.79
1456860600,322.55
1456861200,321.3
1456861800,316.93
1456862400,311.19
1456863000,304.84
1456863600,298.31
1456864200,291.27
1456864800,287.6
1456865400,282.86
1456866000,280.69
