1456790400,1.09
1456791000,1.1
1456791600,1.1
1456792200,1.11
1456792800,1.09
1456793400,1.07
1456794000,1.07
1456794600,1.08
1456795200,1.07
1456795800,1.08
1456796400,1.09
1456797000,1.08
1456797600,1.08
1456798200,1.06
1456798800,1.07
1456799400,1.07
1456800000,1.07
1456800600,1.07
1456801200,1.04
1456801800,1.03
1456802400,1.05
1456803000,1.04
1456803600,1.03
1456804200,1.05
1456804800,1.07
1456805400,1.09
1456806000,1.12
1456806600,1.1
1456807200,1.14
1456807800,1.15
1456808400,1.12
1456809000,1.15
1456809600,1.14
1456810200,1.12
1456810800,1.14
1456811400,1.16
1456812000,1.16
1456812600,1.15
1456813200,1.15
1456813800,1.12
1456814400,1.1
1456815000,1.1
1456815600,1.13
1456816200,1.13
1456816800,1.09
1456817400,1.14
1456818000,1.11
1456818600,1.13
1456819200,1.12
1456819800,1.11
1456820400,1.09
1456821000,1.12
1456821600,1.15
1456822200,1.12
1456822800,1.1
1456823400,1.12
1456824000,1.13
1456824600,1.08
1456825200,1.13
1456825800,1.11
1456826400,1.11
1456827000,1.12
1456827600,1.09
1456828200,1.11
1456828800,1.12
1456829400,1.1
1456830000,1.08
1456830600,1.11
1456831200,1.14
1456831800,1.12
1456832400,1.12
1456833000,1.1
1456833600,1.13
1456834200,1.11
1456834800,1.11
1456835400,1.14
1456836000,1.11
1456836600,1.12
1456837200,1.12
1456837800,1.12
1456838400,1.16
1456839000,1.15
1456839600,1.13
1456840200,1.15
1456840800,1.15
1456841400,1.16
1456842000,1.14
1456842600,1.13
1456843200,1.12
1456843800,1.17
1456844400,1.16
1456845000,1.17
1456845600,1.18
1456846200,1.25
1456846800,1.19
1456847400,1.19
1456848000,1.17
1456848600,1.21
1456849200,1.18
1456849800,1.16
1456850400,1.16
1456851000,1.18
1456851600,1.19
1456852200,1.16
1456852800,1.17
1456853400,1.17
1456854000,1.16
1456854600,1.14
1456855200,1.16
1456855800,1.16
1456856400,1.16
1456857000,1.14
1456857600,1.16
1456858200,1.19
1456858800,1.15
1456859400,1.15
1456860000,1.15
1456860600,1.1
1456861200,1.14
1456861800,1.13
1456862400,1.12
1456863000,1.11
1456863600,1.1
1456864200,1.1
1456864800,1.09
1456865400,1.12
1456866000,1.12
