1456790400,12.92
1456791000,12.92
1456791600,12.93
1456792200,12.93
1456792800,12.95
1456793400,12.96
1456794000,12.96
1456794600,12.97
1456795200,12.97
1456795800,12.99
1456796400,13.0
1456797000,13.0
1456797600,13.0
1456798200,12.99
1456798800,12.97
1456799400,12.97
1456800000,12.97
1456800600,12.95
1456801200,12.95
1456801800,12.95
1456802400,12.97
1456803000,12.97
1456803600,13.0
1456804200,13.0
1456804800,13.01
1456805400,13.03
1456806000,13.05
1456806600,13.05
1456807200,13.05
1456807800,13.06
1456808400,13.06
1456809000,13.07
1456809600,13.1
1456810200,13.11
1456810800,13.12
1456811400,13.1
1456812000,13.13
1456812600,13.14
1456813200,13.14
1456813800,13.13
1456814400,13.13
1456815000,13.14
1456815600,13.16
1456816200,13.15
1456816800,13.14
1456817400,13.15
1456818000,13.14
1456818600,13.14
1456819200,13.15
1456819800,13.13
1456820400,13.14
1456821000,13.13
1456821600,13.13
1456822200,13.14
1456822800,13.13
1456823400,13.13
1456824000,13.13
1456824600,13.13
1456825200,13.13
1456825800,13.11
1456826400,13.13
1456827000,13.13
1456827600,13.11
1456828200,13.12
1456828800,13.12
1456829400,13.11
1456830000,13.11
1456830600,13.12
1456831200,13.12
1456831800,13.12
1456832400,13.1
1456833000,13.12
1456833600,13.1
1456834200,13.11
1456834800,13.1
1456835400,13.09
1456836000,13.1
1456836600,13.08
1456837200,13.07
1456837800,13.06
1456838400,12.96
1456839000,12.83
1456839600,12.74
1456840200,12.68
1456840800,12.65
1456841400,12.64
1456842000,12.62
1456842600,12.6
1456843200,12.59
1456843800,12.59
1456844400,12.58
1456845000,12.58
1456845600,12.57
1456846200,12.57
1456846800,12.55
1456847400,12.58
1456848000,12.61
1456848600,12.67
1456849200,12.73
1456849800,12.76
1456850400,12.78
1456851000,12.72
1456851600,12.69
1456852200,12.68
1456852800,12.65
1456853400,12.62
1456854000,12.63
1456854600,12.61
1456855200,12.61
1456855800,12.62
1456856400,12.62
1456857000,12.64
1456857600,12.64
1456858200,12.62
1456858800,12.6
1456859400,12.59
1456860000,12.56
1456860600,12.56
1456861200,12.56
1456861800,12.58
1456862400,12.62
1456863000,12.65
1456863600,12.7
1456864200,12.74
1456864800,12.77
1456865400,12.8
1456866000,12.81
