1456790400,3.31
1456791000,3.3
1456791600,3.29
1456792200,3.26
1456792800,3.23
1456793400,3.22
1456794000,3.19
1456794600,3.18
1456795200,3.15
1456795800,3.12
1456796400,3.11
1456797000,3.09
1456797600,3.08
1456798200,3.08
1456798800,3.09
1456799400,3.1
1456800000,3.11
1456800600,3.12
1456801200,3.12
1456801800,3.12
1456802400,3.1
1456803000,3.08
1456803600,3.05
1456804200,3.02
1456804800,2.99
1456805400,2.96
1456806000,2.94
1456806600,2.92
1456807200,2.9
1456807800,2.88
1456808400,2.86
1456809000,2.84
1456809600,2.81
1456810200,2.8
1456810800,2.78
1456811400,2.75
1456812000,2.74
1456812600,2.73
1456813200,2.72
1456813800,2.7
1456814400,2.69
1456815000,2.68
1456815600,2.66
1456816200,2.65
1456816800,2.64
1456817400,2.64
1456818000,2.63
1456818600,2.63
1456819200,2.62
1456819800,2.62
1456820400,2.62
1456821000,2.62
1456821600,2.62
1456822200,2.62
1456822800,2.62
1456823400,2.61
1456824000,2.61
1456824600,2.61
1456825200,2.6
1456825800,2.6
1456826400,2.6
1456827000,2.59
1456827600,2.59
1456828200,2.58
1456828800,2.58
1456829400,2.57
1456830000,2.57
1456830600,2.56
1456831200,2.55
1456831800,2.55
1456832400,2.54
1456833000,2.54
1456833600,2.54
1456834200,2.54
1456834800,2.55
1456835400,2.55
1456836000,2.56
1456836600,2.56
1456837200,2.57
1456837800,2.59
1456838400,2.76
1456839000,2.93
1456839600,3.1
1456840200,3.19
1456840800,3.23
1456841400,3.24
1456842000,3.26
1456842600,3.3
1456843200,3.33
1456843800,3.34
1456844400,3.34
1456845000,3.34
1456845600,3.34
1456846200,3.33
1456846800,3.32
1456847400,3.31
1456848000,3.27
1456848600,3.2
1456849200,3.12
1456849800,3.08
1456850400,3.05
1456851000,3.07
1456851600,3.12
1456852200,3.15
1456852800,3.18
1456853400,3.2
1456854000,3.21
1456854600,3.21
1456855200,3.22
1456855800,3.22
1456856400,3.23
1456857000,3.23
1456857600,3.24
1456858200,3.26
1456858800,3.29
1456859400,3.34
1456860000,3.4
1456860600,3.44
1456861200,3.46
1456861800,3.45
1456862400,3.42
1456863000,3.38
1456863600,3.32
1456864200,3.26
1456864800,3.2
1456865400,3.15
1456866000,3.12
