1456790400,0.14
1456791000,0.09
1456791600,0.07
1456792200,0.09
1456792800,0.09
1456793400,0.14
1456794000,0.13
1456794600,0.12
1456795200,0.14
1456795800,0.14
1456796400,0.13
1456797000,0.13
1456797600,0.1
1456798200,0.12
1456798800,0.1
1456799400,0.09
1456800000,0.11
1456800600,0.1
1456801200,0.1
1456801800,0.11
1456802400,0.1
1456803000,0.1
1456803600,0.11
1456804200,0.11
1456804800,0.12
1456805400,0.09
1456806000,0.1
1456806600,0.13
1456807200,0.11
1456807800,0.14
1456808400,0.14
1456809000,0.13
1456809600,0.11
1456810200,0.13
1456810800,0.15
1456811400,0.18
1456812000,0.16
1456812600,0.15
1456813200,0.16
1456813800,0.15
1456814400,0.33
1456815000,0.39
1456815600,0.32
1456816200,0.31
1456816800,0.24
1456817400,0.26
1456818000,0.26
1456818600,0.28
1456819200,0.26
1456819800,0.23
1456820400,0.24
1456821000,0.22
1456821600,0.24
1456822200,0.21
1456822800,0.23
1456823400,0.2
1456824000,0.23
1456824600,0.21
1456825200,0.2
1456825800,0.23
1456826400,0.23
1456827000,0.22
1456827600,0.21
1456828200,0.23
1456828800,0.22
1456831200,0.24
1456831800,0.25
1456832400,0.24
1456833000,0.24
1456833600,0.26
1456834200,0.29
1456834800,0.24
1456835400,0.25
1456836000,0.25
1456836600,0.3
1456837200,0.29
1456837800,0.28
1456838400,0.3
1456839000,0.32
1456840800,0.35
1456841400,0.38
1456842000,0.38
1456842600,0.42
1456843200,0.5
1456843800,0.56
1456844400,0.58
1456845000,0.64
1456845600,0.59
1456846200,0.61
1456846800,0.56
1456848000,0.52
1456848600,0.46
1456849200,0.44
1456849800,0.45
1456850400,0.45
1456851000,0.46
1456851600,0.49
1456852200,0.49
1456852800,0.47
1456853400,0.43
1456854000,0.47
1456854600,0.48
1456855200,0.43
1456855800,0.47
1456856400,0.41
1456857000,0.44
1456857600,0.4
1456858200,0.43
1456858800,0.39
1456859400,0.4
1456860000,0.42
1456860600,0.37
1456861200,0.39
1456861800,0.36
1456862400,0.37
1456863000,0.41
1456863600,0.4
1456864200,0.41
1456864800,0.37
1456865400,0.4
1456866000,0.4
