1456790400,13.51
1456791000,13.98
1456791600,13.43
1456792200,13.98
1456792800,14.96
1456793400,14.79
1456794000,14.75
1456794600,14.71
1456795200,14.34
1456795800,14.5
1456796400,14.46
1456797000,14.41
1456797600,13.74
1456798200,13.66
1456798800,12.68
1456799400,12.25
1456800000,12.0
1456800600,11.86
1456801200,11.49
1456801800,11.74
1456802400,11.22
1456803000,11.69
1456803600,11.43
1456804200,11.92
1456804800,12.28
1456805400,13.15
1456806000,13.57
1456806600,14.02
1456807200,16.21
1456807800,20.78
1456808400,18.59
1456809000,22.72
1456809600,17.3
1456810200,27.28
1456810800,22.48
1456811400,24.8
1456812000,24.05
1456812600,24.48
1456813200,27.17
1456813800,25.18
1456814400,76.96
1456815000,86.64
1456815600,69.38
1456816200,59.78
1456816800,52.56
1456817400,51.02
1456818000,63.43
1456818600,54.45
1456819200,53.62
1456819800,45.57
1456820400,43.75
1456821000,42.66
1456821600,49.95
1456822200,37.18
1456822800,38.48
1456823400,41.27
1456824000,43.41
1456824600,49.01
1456825200,44.49
1456825800,52.05
1456826400,50.11
1456827000,55.33
1456827600,48.03
1456828200,43.6
1456828800,42.58
1456831200,56.39
1456831800,58.11
1456832400,55.53
1456833000,50.15
1456833600,56.73
1456834200,62.56
1456834800,56.2
1456835400,58.9
1456836000,61.21
1456836600,70.13
1456837200,71.72
1456837800,70.13
1456838400,66.83
1456839000,71.56
1456840800,70.89
1456841400,73.49
1456842000,73.93
1456842600,74.79
1456843200,89.21
1456843800,91.12
1456844400,87.56
1456845000,117.0
1456845600,102.46
1456846200,102.29
1456846800,101.53
1456848000,107.54
1456848600,101.67
1456849200,106.29
1456849800,103.7
1456850400,111.11
1456851000,111.71
1456851600,112.09
1456852200,115.78
1456852800,109.79
1456853400,108.5
1456854000,114.95
1456854600,115.26
1456855200,105.63
1456855800,109.89
1456856400,101.42
1456857000,105.74
1456857600,104.09
1456858200,109.74
1456858800,101.54
1456859400,94.57
1456860000,93.94
1456860600,88.61
1456861200,96.86
1456861800,96.44
1456862400,87.38
1456863000,99.41
1456863600,97.46
1456864200,94.92
1456864800,89.02
1456865400,93.56
1456866000,93.7
