1456790400,3.94
1456791000,3.96
1456791600,3.97
1456792200,3.98
1456792800,3.98
1456793400,3.97
1456794000,3.98
1456794600,3.99
1456795200,3.99
1456795800,4.0
1456796400,4.0
1456797000,4.0
1456797600,4.01
1456798200,4.01
1456798800,4.02
1456799400,4.02
1456800000,4.03
1456800600,4.03
1456801200,4.04
1456801800,4.04
1456802400,4.04
1456803000,4.05
1456803600,4.05
1456804200,4.06
1456804800,4.07
1456805400,4.07
1456806000,4.07
1456806600,4.07
1456807200,4.06
1456807800,4.06
1456808400,4.06
1456809000,4.05
1456809600,4.04
1456810200,4.03
1456810800,4.03
1456811400,4.02
1456812000,4.01
1456812600,4.01
1456813200,4.0
1456813800,3.99
1456814400,3.99
1456815000,3.99
1456815600,3.99
1456816200,3.99
1456816800,3.99
1456817400,3.99
1456818000,4.0
1456818600,4.0
1456819200,4.01
1456819800,4.02
1456820400,4.02
1456821000,4.03
1456821600,4.03
1456822200,4.03
1456822800,4.02
1456823400,4.02
1456824000,4.01
1456824600,3.99
1456825200,3.97
1456825800,3.94
1456826400,3.92
1456827000,3.9
1456827600,3.88
1456828200,3.87
1456828800,3.86
1456831200,3.85
1456831800,3.85
1456832400,3.86
1456833000,3.85
1456833600,3.85
1456834200,3.83
1456834800,3.83
1456835400,3.82
1456836000,3.81
1456836600,3.81
1456837200,3.82
1456837800,3.82
1456838400,3.81
1456839000,3.8
1456840800,3.84
1456841400,3.88
1456842000,3.9
1456842600,3.93
1456843200,3.95
1456843800,3.97
1456844400,3.99
1456845000,4.0
1456845600,4.0
1456846200,4.0
1456846800,4.0
1456848000,3.92
1456848600,3.86
1456849200,3.79
1456849800,3.72
1456850400,3.69
1456851000,3.7
1456851600,3.73
1456852200,3.74
1456852800,3.71
1456853400,3.67
1456854000,3.61
1456854600,3.56
1456855200,3.51
1456855800,3.46
1456856400,3.4
1456857000,3.35
1456857600,3.3
1456858200,3.25
1456858800,3.2
1456859400,3.15
1456860000,3.12
1456860600,3.09
1456861200,3.04
1456861800,2.99
1456862400,2.95
1456863000,2.91
1456863600,2.86
1456864200,2.82
1456864800,2.79
1456865400,2.75
1456866000,2.73
