1456790400,374.44
1456791000,367.02
1456791600,364.75
1456792200,370.26
1456792800,381.68
1456793400,401.98
1456794000,408.89
1456794600,410.18
1456795200,412.06
1456795800,414.55
1456796400,416.19
1456797000,416.27
1456797600,413.33
1456798200,407.69
1456798800,402.19
1456799400,396.75
1456800000,390.36
1456800600,386.26
1456801200,383.65
1456801800,382.06
1456802400,382.04
1456803000,381.29
1456803600,381.28
1456804200,382.34
1456804800,384.09
1456805400,384.87
1456806000,384.74
1456806600,382.58
1456807200,381.6
1456807800,380.5
1456808400,381.62
1456809000,383.93
1456809600,386.41
1456810200,389.51
1456810800,390.89
1456811400,392.25
1456812000,394.02
1456812600,396.38
1456813200,398.48
1456813800,400.18
1456814400,400.99
1456815000,399.04
1456815600,393.76
1456816200,391.74
1456816800,391.04
1456817400,389.97
1456818000,389.16
1456818600,386.62
1456819200,386.32
1456819800,388.72
1456820400,389.43
1456821000,390.74
1456821600,393.02
1456822200,393.09
1456822800,391.16
1456823400,388.94
1456824000,384.95
1456824600,379.81
1456825200,374.47
1456825800,374.49
1456826400,382.56
1456827000,388.49
1456827600,390.67
1456828200,390.47
1456828800,391.22
1456831200,377.07
1456831800,371.43
1456832400,367.24
1456833000,365.78
1456833600,360.26
1456834200,363.33
1456834800,363.46
1456835400,364.13
1456836000,363.09
1456836600,361.11
1456837200,360.53
1456837800,362.72
1456838400,367.57
1456839000,373.58
1456840800,384.31
1456841400,392.13
1456842000,400.07
1456842600,408.15
1456843200,419.5
1456843800,431.54
1456844400,443.0
1456845000,447.97
1456845600,444.65
1456846200,442.29
1456846800,431.25
1456848000,390.02
1456848600,373.84
1456849200,363.34
1456849800,359.33
1456850400,364.65
1456851000,373.71
1456851600,381.2
1456852200,378.97
1456852800,369.38
1456853400,358.18
1456854000,345.57
1456854600,336.47
1456855200,329.19
1456855800,323.02
1456856400,317.5
1456857000,312.88
1456857600,308.22
1456858200,304.57
1456858800,301.46
1456859400,299.08
1456860000,298.03
1456860600,297.46
1456861200,296.63
1456861800,295.78
1456862400,295.31
1456863000,294.74
1456863600,294.33
1456864200,294.1
1456864800,294.02
1456865400,293.86
1456866000,293.57
