1456790400,0.5
1456791000,0.47
1456791600,0.47
1456792200,0.5
1456792800,0.59
1456793400,0.66
1456794000,0.68
1456794600,0.67
1456795200,0.71
1456795800,0.74
1456796400,0.72
1456797000,0.72
1456797600,0.72
1456798200,0.64
1456798800,0.63
1456799400,0.6
1456800000,0.57
1456800600,0.54
1456801200,0.56
1456801800,0.55
1456802400,0.56
1456803000,0.55
1456803600,0.6
1456804200,0.6
1456804800,0.66
1456805400,0.66
1456806000,0.66
1456806600,0.63
1456807200,0.66
1456807800,0.67
1456808400,0.64
1456809000,0.63
1456809600,0.63
1456810200,0.68
1456810800,0.7
1456811400,0.75
1456812000,0.73
1456812600,0.75
1456813200,0.76
1456813800,0.77
1456814400,1.17
1456815000,1.19
1456815600,1.06
1456816200,1.06
1456816800,0.96
1456817400,0.91
1456818000,1.01
1456818600,1.07
1456819200,0.98
1456819800,0.99
1456820400,0.99
1456821000,1.02
1456821600,1.01
1456822200,0.96
1456822800,0.98
1456823400,0.93
1456824000,0.9
1456824600,0.87
1456825200,0.84
1456825800,0.86
1456826400,0.85
1456827000,0.84
1456827600,0.86
1456828200,0.83
1456828800,0.82
1456831200,0.83
1456831800,0.84
1456832400,0.84
1456833000,0.82
1456833600,0.82
1456834200,0.82
1456834800,0.8
1456835400,0.8
1456836000,0.78
1456836600,0.85
1456837200,0.82
1456837800,0.85
1456838400,0.91
1456839000,0.97
1456840800,1.23
1456841400,1.53
1456842000,1.74
1456842600,1.86
1456843200,2.26
1456843800,2.58
1456844400,2.91
1456845000,2.82
1456845600,3.03
1456846200,2.47
1456846800,2.45
1456848000,1.67
1456848600,1.46
1456849200,1.27
1456849800,1.19
1456850400,1.26
1456851000,1.39
1456851600,1.43
1456852200,1.58
1456852800,1.37
1456853400,1.26
1456854000,1.23
1456854600,1.15
1456855200,1.09
1456855800,1.09
1456856400,1.0
1456857000,0.96
1456857600,0.95
1456858200,0.93
1456858800,0.95
1456859400,0.95
1456860000,0.9
1456860600,0.89
1456861200,0.9
1456861800,0.9
1456862400,0.93
1456863000,0.93
1456863600,0.95
1456864200,1.01
1456864800,1.0
1456865400,1.01
1456866000,0.98
