1456808400000,0.543
1456812000000,0.56
1456815600000,0.572
1456819200000,0.547
1456822800000,0.567
1456826400000,0.565
1456830000000,0.596
1456833600000,0.577
1456837200000,0.589
1456840800000,0.60
1456844400000,0.582
1456848000000,0.541
1456851600000,0.52
1456855200000,0.503
1456858800000,0.503
1456862400000,0.487
1456866000000,0.482
1456869600000,0.495
1456873200000,0.467
1456876800000,0.46
1456880400000,0.482
1456884000000,0.488
1456887600000,0.439
1456891200000,0.475
1456894800000,0.447
1456898400000,0.481
1456902000000,0.455
1456905600000,0.509
1456909200000,0.529
1456912800000,0.535
1456916400000,0.528
1456920000000,0.543
1456923600000,0.536
1456927200000,0.523
1456930800000,0.511
1456934400000,0.503
1456938000000,0.503
