1456808400000,0.683
1456812000000,0.603
1456815600000,0.52
1456819200000,0.534
1456822800000,0.639
1456826400000,0.65
1456830000000,0.723
1456833600000,0.808
1456837200000,0.824
1456840800000,0.76
1456844400000,0.775
1456848000000,0.767
1456851600000,0.674
1456855200000,0.629
1456858800000,0.582
1456862400000,0.493
1456866000000,0.434
1456869600000,0.524
1456873200000,0.455
1456876800000,0.458
1456880400000,0.603
1456884000000,0.737
1456887600000,0.683
1456891200000,0.848
1456894800000,0.90
1456898400000,1.054
1456902000000,1.413
1456905600000,1.361
1456909200000,1.382
1456912800000,1.157
1456916400000,0.999
1456920000000,0.909
1456923600000,0.75
1456927200000,0.72
1456930800000,0.656
1456934400000,0.723
1456938000000,0.802
