1456808400000,0.849
1456812000000,0.858
1456815600000,0.798
1456819200000,0.769
1456822800000,0.80
1456826400000,0.823
1456830000000,0.789
1456833600000,0.817
1456837200000,0.799
1456840800000,0.809
1456844400000,0.818
1456848000000,0.802
1456851600000,0.786
1456855200000,0.821
1456858800000,0.834
1456862400000,0.891
1456866000000,0.895
1456869600000,0.892
1456873200000,0.882
1456876800000,0.903
1456880400000,0.913
1456884000000,0.91
1456887600000,0.885
1456891200000,0.835
1456894800000,0.737
1456898400000,0.656
1456902000000,0.656
1456905600000,0.606
1456909200000,0.556
1456912800000,0.618
1456916400000,0.647
1456920000000,0.614
1456923600000,0.58
1456927200000,0.664
1456930800000,0.732
1456934400000,0.723
1456938000000,0.726
