1456808400000,0.936
1456812000000,0.963
1456815600000,0.942
1456819200000,1.047
1456822800000,1.098
1456826400000,1.054
1456830000000,1.03
1456833600000,0.988
1456837200000,0.931
1456840800000,0.898
1456844400000,0.895
1456848000000,0.911
1456851600000,0.96
1456855200000,0.993
1456858800000,1.028
1456862400000,1.091
1456866000000,1.137
1456869600000,1.155
1456873200000,1.127
1456876800000,1.021
1456880400000,0.942
1456884000000,0.917
1456887600000,0.854
1456891200000,0.754
1456894800000,0.667
1456898400000,0.65
1456902000000,0.594
1456905600000,0.56
1456909200000,0.549
1456912800000,0.575
1456916400000,0.622
1456920000000,0.641
1456923600000,0.679
1456927200000,0.792
1456930800000,0.881
1456934400000,0.954
1456938000000,0.975
