LAKE ONTARIO BATHYMETRY
   61   25  43.1655426  79.8199615 5000  226    7  0.0     0    1  0.0       
   0.813204E+02   0.242939E+01  -0.133486E+01   0.0                          
  -0.176688E+01   0.111101E+03   0.0            0.485416E+00                 
   0.122965E-01  -0.274739E-03   0.185864E-05   0.0                          
   0.199237E-03   0.899770E-02   0.0           -0.674272E-06                 
   0   0   0   0   0   0   0   0   0   0   0   0   0   0   0   0   0   0   0 
   0   0   0   0   0   0   0   0   0   0   0   0   0   0   0   0   0   0   0 
   0   0   0   0   0   0   0   0   0   0   0   0   0   0   0   0   0   0   0 
   0   0   0   0   0   0   0   0   0   8   8   9   8   0   0   0   0   0   0 
   0   0   0   0   0   0   0   0   0   0   0   0   0   0   0   0   0   0   0 
   0   0   0   0   0   0   0   0   0   0   0   0   0   0   0   0   0   0   0 
   0   0   0   0   0   0   0   0   0   0   8  11  18  26  33  33  34  12   9 
   0   0   0   0   0   0   0   0   0   0   0   0   0   0   0   0   0   0   0 
   0   0   0   0   0   0   8   0   0   0   0   0   0   0   0   0   0   0   0 
   0   0   0   0   0   0   0   0   0   0   0   0   0  18  27  34  52  63  69 
  73  75  59  22   9   8  11   0   0   0   0   0   0   0   0   0   0   0   0 
   0   0   0   0   0   0   0   0   0   9  20  33  31  16  20  18  16  10  15 
  11  12   0   0   0   0   0   0   0   0   0   0   0   0   0   0   0  31  51 
  69  78  87  91  93  95  95  88  72  60  53  47  31  18   0   0   0   0   0 
   0   0   0   0   0   0   0   0   0   0   0   0  15  35  49  78 113  96  85 
  75  72  68  69  62  53  36  19   8   0   0   0   0   0   0   0   0   0   0 
   0   0  12  45  71  86  96  98 102 106 106 105 102  98  96  95  88  80  63 
  49  30  28  23  18  14  13  17  20  13  15  13  23  36  47  59  68  86  99 
 136 160 182 176 164 153 134 130 111  93  72  54  29  17   0   0   0   0   0 
   0   0   0   0   0   0   0  16  58  80  96 105 113 120 123 120 118 115 115 
 119 122 122 123 123 120 113 104  92  82  81  78  77  81  90 100 103 110 116 
 118 127 148 157 171 182 202 206 205 208 210 191 179 178 155 120  82  60  17 
   0   0   0   0   0   0   0   0   0   0   0   0  30  60  87  99 114 124 131 
 131 131 129 130 133 136 139 144 148 152 153 151 150 148 144 140 140 136 138 
 140 140 139 136 141 146 155 161 169 183 200 205 203 209 214 224 222 208 196 
 187 152 124  56  22   0   0   0   0   0   0   0   0   0   0   0   0  29  62 
  79 101 113 123 131 139 138 137 139 142 146 153 157 162 167 170 173 176 176 
 175 176 173 175 174 172 163 160 169 170 169 164 167 172 181 185 185 186 203 
 204 214 226 220 205 195 177 148 104  46  21   0   0   0   0   0   0   0   0 
   0   0  12  39  62  86 100 112 120 129 131 132 136 140 145 151 157 163 168 
 172 174 177 182 188 190 189 185 178 171 173 165 161 171 172 172 170 170 169 
 170 166 164 175 186 200 197 212 221 209 205 189 163 107  73  40  27  14   0 
   0   0   0   0   0   0   0  11  33  42  72  98 108 116 120 123 126 130 136 
 142 146 148 150 155 157 162 168 175 176 178 180 179 176 179 169 161 155 154 
 147 144 145 150 148 142 129 147 161 169 177 177 179 184 194 187 173 149 111 
  70  50  27   8   0   0   0   0   0   0   0   0   0   0  10  50  82 104 110 
 116 117 119 121 125 128 131 135 140 142 147 149 156 158 163 162 166 163 162 
 164 152 144 127 126 117 120 124 121 118 112 114 125 142 148 157 159 155 158 
 162 151 138 124  81  49  29   8   0   0   0   0   0   0   0   0   0   0   0 
   9  27  72  93 101 105 105 105 109 110 111 107 116 118 124 130 135 137 139 
 137 142 138 141 138 132 116  86  87  87  86  93  99  97  99  90  96 105 112 
 122 125 123 124 119 113 110 101  76  46  30   8   0   0   0   0   0   0   0 
   0   0   0   0   0  10  36  62  73  77  84  84  89  91  92  92  96 102 103 
 106 107 113 116 122 121 122 116 118 116 100  84  76  74  65  66  71  77  75 
  74  83  87  91  96 103 104  97  94  89  83  71  49  40  28   0   0   0   0 
   0   0   0   0   0   0   0   0   0   0   8  19  32  44  50  54  62  69  72 
  72  72  74  80  82  80  80  81  81  87  94  97  94  91  80  64  35  55  56 
  44  40  44  45  42  58  65  69  71  72  77  71  65  61  53  49  43  35  21 
   0   0   0   0   0   0   0   0   0   0   0   0   0   0   0   0   0  14  21 
  28  30  37  47  54  63  65  65  67  71  71  67  66  66  74  76  77  75  72 
  62  43  44  45  46  30  16  18  15  24  39  50  56  58  57  58  53  47  44 
  38  36  25   8   0   0   0   0   0   0   0   0   0   0   0   0   0   0   0 
   0   0   0   0   0   0   0  14  13  19  27  37  38  44  45  56  56  54  44 
  53  53  50  51  46  38  25  32  34  30  14   0   0   0   8  18  29  35  38 
  37  37  35  18  15  10  24   0   0   0   0   0   0   0   0   0   0   0   0 
   0   0   0   0   0   0   0   0   0   0   0   0   0   0   0  13  15  23  26 
  32  35  43  40  41  39  31  35  33  27  17  10  17   9   0   0   0   0   0 
   0   8  15  20  23   8  28  38  19  14  21  20  10   8   0   0   0   0   0 
   0   0   0   0   0   0   0   0   0   0   0   0   0   0   0   0   0   0   0 
   0   0   0   0   0   0   0  10  17  17  13  17  14   9   0   0   0   0   0 
   0   0   0  13  19  26  25  28  33  33  26  44  32  22  21  11  14  10   0 
   0   0   0   0   0   0   0   0   0   0   0   0   0   0   0   0   0   0   0 
   0   0   0   0   0   0   0   0   0   0   0   0   0   0   0   0   8   0   0 
   0   0   0   0   0   0   0   0   8  31  32  30  31  32  22  30  30  20  12 
   8   9   0   0   0   0   0   0   0   0   0   0   0   0   0   0   0   0   0 
   0   0   0   0   0   0   0   0   0   0   0   0   0   0   0   0   0   0   0 
   0   0   0   0   0   0   0   0   0   0   0   0   0  17  23  25  20  33  26 
  18  27  14   8   8   8   0   0   0   0   0   0   0   0   0   0   0   0   0 
   0   0   0   0   0   0   0   0   0   0   0   0   0   0   0   0   0   0   0 
   0   0   0   0   0   0   0   0   0   0   0   0   0   0   0   0   0   0  20 
   8  17  21  25  15  12   8   0   0   0   0   0   0   0   0   0   0   0   0 
   0   0   0   0   0   0   0   0   0   0   0   0   0   0   0   0   0   0   0 
   0   0   0   0   0   0   0   0   0   0   0   0   0   0   0   0   0   0   0 
   0   0   0   0   0   0  21  19  13   0   0   0   0   0   0   0   0   0   0 
   0   0   0   0   0   0   0   0   0   0   0   0   0   0   0   0   0   0   0 
   0   0   0   0   0   0   0   0   0   0   0   0   0   0   0   0   0   0   0 
   0   0   0   0   0   0   0   0   0   0   0  10   0   0   0   0   0   0   0 
   0   0   0   0   0   0   0   0   0   0   0   0   0   0   0   0   0   0   0 
   0   0   0   0   0   0   0   0   0   0   0   0   0   0   0   0   0   0   0 
   0   0   0   0   0   0   0   0   0   0   0   0   0   0   0   0   0   0   0 
   0   0   0   0   0                                                         
                    LAKE ONTARIO SHORELINE
 79.06417 43.25587 79.07171 43.25919 79.07758 43.26161 79.08592 43.26344     
 79.09538 43.26159 79.10929 43.25836 79.12177 43.25681 79.12766 43.24115     
 79.12531 43.25125 79.12772 43.25504 79.13767 43.25317 79.15736 43.24414     
 79.18034 43.23595 79.19271 43.23201 79.20634 43.22842 79.21259 43.22773     
 79.21465 43.22932 79.22240 43.22860 79.22390 43.22253 79.23795 43.21709     
 79.24768 43.21011 79.25558 43.20718 79.26814 43.20214 79.29404 43.19258     
 79.31197 43.18412 79.32328 43.17947 79.34679 43.17872 79.36137 43.17965     
 79.37244 43.18102 79.37581 43.18332 79.39167 43.19079 79.40927 43.19786     
 79.43118 43.20023 79.45269 43.19934 79.47889 43.19703 79.50201 43.19846     
 79.50726 43.19833 79.53030 43.19792 79.54582 43.20301 79.55839 43.20908     
 79.57565 43.20845 79.59203 43.21021 79.61015 43.22216 79.62706 43.22976     
 79.65093 43.22583 79.66067 43.22503 79.67531 43.23213 79.68147 43.23489     
 79.70242 43.23798 79.72858 43.24456 79.74367 43.24544 79.76099 43.25556     
 79.77467 43.26815 79.78461 43.28122 79.79016 43.29166 79.79454 43.29885     
 79.79963 43.30511 79.80144 43.31583 79.79878 43.32286 79.78625 43.32832     
 79.76550 43.34004 79.75057 43.35269 79.73532 43.36427 79.71998 43.37400     
 79.71252 43.38554 79.70597 43.39540 79.69893 43.40034 79.69180 43.40364     
 79.69033 43.40953 79.69011 43.41521 79.68494 43.41735 79.68360 43.42598     
 79.67819 43.42849 79.67886 43.43195 79.67062 43.43820 79.66105 43.44815     
 79.64856 43.46017 79.63658 43.47256 79.62307 43.48460 79.61538 43.49212     
 79.60657 43.49728 79.60398 43.51142 79.60290 43.53082 79.59657 43.54067     
 79.58841 43.54380 79.58570 43.55028 79.57787 43.55505 79.56787 43.56206     
 79.56007 43.56776 79.55487 43.56953 79.54662 43.57632 79.54244 43.58392     
 79.53513 43.58904 79.51836 43.59166 79.50192 43.59610 79.48857 43.60722     
 79.48624 43.61678 79.47771 43.62869 79.46854 43.63750 79.45869 43.63739     
 79.44709 43.63750 79.43295 43.63182 79.42531 43.63018 79.41357 43.63284     
 79.40518 43.63688 79.39919 43.63265 79.39005 43.63707 79.36665 43.64421     
 79.34607 43.65220 79.34519 43.64949 79.35785 43.64479 79.35465 43.64104     
 79.32920 43.65315 79.32661 43.65176 79.35344 43.63631 79.36233 43.62641     
 79.37757 43.61764 79.38810 43.61611 79.39043 43.62318 79.39209 43.63190     
 79.40165 43.63131 79.40903 43.62729 79.40191 43.62582 79.39361 43.61524     
 79.38781 43.60972 79.37122 43.61670 79.35855 43.62651 79.34772 43.63261     
 79.33701 43.64146 79.33139 43.64561 79.32496 43.64284 79.32909 43.63342     
 79.34000 43.62347 79.34670 43.61527 79.34369 43.60986 79.33864 43.60981     
 79.34135 43.61412 79.33814 43.62133 79.32824 43.63125 79.32180 43.64547     
 79.31789 43.65415 79.30879 43.65967 79.28424 43.66957 79.26766 43.68311     
 79.24321 43.70177 79.22549 43.71862 79.21185 43.73063 79.19421 43.74382     
 79.17450 43.75578 79.15166 43.75975 79.13802 43.77213 79.12206 43.78984     
 79.10735 43.80129 79.09158 43.81170 79.06390 43.80900 79.05381 43.80959     
 79.03964 43.81592 79.02372 43.81625 79.01170 43.81961 78.99504 43.82690     
 78.97418 43.83063 78.96146 43.84204 78.94098 43.84904 78.93320 43.85084     
 78.91588 43.84790 78.90233 43.84434 78.89650 43.85085 78.88439 43.85201     
 78.87163 43.84915 78.85180 43.85374 78.83274 43.85868 78.82412 43.86506     
 78.81211 43.86913 78.79525 43.86489 78.78474 43.86819 78.75864 43.86759     
 78.74296 43.86825 78.73287 43.86935 78.71960 43.86613 78.71128 43.86720     
 78.70068 43.87542 78.68112 43.88127 78.67023 43.88877 78.64959 43.89243     
 78.62897 43.89682 78.61053 43.89860 78.60284 43.89546 78.58158 43.89600     
 78.57431 43.89850 78.55849 43.89457 78.54253 43.89484 78.52821 43.89837     
 78.50802 43.90054 78.49556 43.89909 78.48260 43.89767 78.46271 43.90147     
 78.44876 43.90936 78.43142 43.91402 78.40941 43.91492 78.39720 43.92206     
 78.38414 43.92591 78.37488 43.92971 78.34990 43.93357 78.34030 43.93462     
 78.33407 43.93819 78.30754 43.94115 78.28741 43.94638 78.26928 43.95066     
 78.24785 43.95499 78.22951 43.95160 78.21785 43.95158 78.20326 43.95599     
 78.19418 43.95757 78.17919 43.95632 78.16151 43.95876 78.14906 43.95765     
 78.13360 43.95803 78.11211 43.96032 78.09354 43.96824 78.07273 43.96706     
 78.04971 43.96954 78.03019 43.96959 78.01462 43.96486 78.00273 43.96609     
 77.98318 43.97602 77.96674 43.97749 77.94940 43.97350 77.93972 43.97142     
 77.92883 43.97210 77.91373 43.97702 77.90011 43.98046 77.89351 43.98035     
 77.87901 43.97795 77.86948 43.98336 77.86102 43.99076 77.84510 43.99386     
 77.83405 43.99927 77.81538 44.00422 77.79887 44.00275 77.78146 44.00768     
 77.76907 44.00982 77.75512 44.01014 77.74114 44.00882 77.73772 44.00227     
 77.73019 43.99303 77.72379 43.98981 77.71136 43.98938 77.70450 43.98871     
 77.69190 43.99340 77.67725 43.99701 77.68319 44.00281 77.68726 44.00313     
 77.69489 44.00397 77.69946 44.00429 77.71301 43.99631 77.72007 43.99442     
 77.72488 43.99382 77.72800 43.99762 77.72830 44.00054 77.72121 44.00134     
 77.71638 44.00029 77.71826 44.00612 77.72643 44.00860 77.73255 44.01055     
 77.73535 44.01125 77.73892 44.01195 77.73998 44.01467 77.73065 44.01769     
 77.72438 44.02123 77.72054 44.01962 77.71327 44.02444 77.71867 44.02840     
 77.71514 44.02936 77.70700 44.02815 77.69564 44.03137 77.68396 44.03130     
 77.67459 44.03248 77.69421 44.02262 77.67959 44.01380 77.66623 44.01886     
 77.66373 44.02126 77.66193 44.01944 77.63734 44.02076 77.61785 44.02367     
 77.62701 44.02506 77.62228 44.03058 77.62535 44.03220 77.61189 44.03140     
 77.59529 44.04068 77.59491 44.03283 77.58745 44.02650 77.58229 44.02143     
 77.58680 44.01792 77.58294 44.01503 77.57179 44.01567 77.56937 44.00711     
 77.56304 44.00807 77.55854 44.01231 77.53666 44.00811 77.52747 44.00471     
 77.52335 44.00018 77.53336 43.99187 77.54121 43.99072 77.54932 43.99046     
 77.55229 43.98642 77.56039 43.98544 77.56631 43.99068 77.57135 43.98864     
 77.57460 43.98605 77.57124 43.98188 77.57735 43.98311 77.60303 44.00280     
 77.59523 43.99135 77.57065 43.97695 77.56090 43.96954 77.54441 43.96894     
 77.53976 43.96368 77.53212 43.96119 77.52072 43.94538 77.51710 43.94048     
 77.50826 43.94220 77.49622 43.93371 77.49437 43.92897 77.49536 43.92731     
 77.48545 43.92539 77.46295 43.92885 77.44722 43.92694 77.42854 43.93220     
 77.40022 43.93587 77.37395 43.94282 77.35426 43.94897 77.33907 43.94962     
 77.32426 43.94112 77.30760 43.92533 77.29225 43.91246 77.28044 43.89901     
 77.28138 43.89224 77.27706 43.89117 77.27129 43.89613 77.25159 43.90045     
 77.23949 43.90509 77.22341 43.89403 77.21444 43.88403 77.22723 43.87282     
 77.24352 43.85719 77.22933 43.85636 77.21263 43.85609 77.20732 43.85630     
 77.20153 43.85962 77.18818 43.86535 77.18062 43.86849 77.16942 43.86234     
 77.16077 43.85854 77.15966 43.84740 77.15553 43.83957 77.14392 43.84219     
 77.13460 43.84661 77.12574 43.84647 77.11443 43.85511 77.10032 43.86156     
 77.09016 43.85814 77.09401 43.86378 77.06805 43.87631 77.05217 43.88496     
 77.03955 43.89031 77.02839 43.88743 77.00639 43.89208 76.99276 43.89760     
 76.97859 43.89929 76.96950 43.90243 76.95740 43.91032 76.93817 43.91513     
 76.93214 43.92136 76.90022 43.92236 76.88378 43.92697 76.86961 43.93011     
 76.86050 43.93287 76.86051 43.93488 76.86332 43.93871 76.86588 43.94290     
 76.87248 43.94690 76.90462 43.93860 76.93066 43.92940 76.94563 43.93136     
 76.95479 43.93828 76.95734 43.94046 76.97302 43.93713 76.98541 43.93289     
 76.99253 43.93670 76.99860 43.93430 77.00671 43.93609 77.00625 43.94196     
 77.01588 43.94118 77.02067 43.93824 77.02085 43.92929 77.02915 43.92068     
 77.03846 43.91296 77.04301 43.91167 77.04203 43.91588 77.04738 43.91987     
 77.05243 43.91767 77.04843 43.92425 77.04240 43.93067 77.04194 43.93652     
 77.04480 43.94656 77.03978 43.95279 77.02969 43.95849 77.02414 43.96234     
 77.02316 43.96545 77.03101 43.96615 77.02419 43.96764 77.01353 43.96731     
 77.00645 43.96917 77.00520 43.97228 77.01078 43.97227 77.00751 43.97666     
 77.00273 43.98088 76.99973 43.98600 76.99870 43.98581 77.00202 43.98855     
 77.00834 43.98560 77.01141 43.98961 77.02051 43.98501 77.02456 43.98427     
 77.02682 43.98206 77.02938 43.98498 77.03169 43.98862 77.01505 44.00129     
 77.01099 44.00039 77.00644 44.00278 77.00642 44.00040 76.99829 43.99861     
 76.96316 44.01754 76.94743 44.01814 76.93071 44.02148 76.90819 44.03213     
 76.90134 44.03452 76.90419 44.04438 76.89767 44.05864 76.87337 44.07369     
 76.84805 44.08762 76.84226 44.10024 76.84257 44.11121 76.84817 44.11357     
 76.86362 44.10386 76.87729 44.09323 76.88285 44.08883 76.88641 44.08827     
 76.88313 44.09266 76.87883 44.09742 76.88164 44.09924 76.88899 44.09740     
 76.90238 44.08458 76.91681 44.07558 76.93122 44.06440 76.93781 44.06146     
 76.94489 44.05779 76.96185 44.04970 76.98718 44.04340 76.99123 44.04102     
 76.99222 44.03680 77.01656 44.03472 77.03585 44.03428 77.04881 44.03716     
 77.06204 44.04076 77.07677 44.04234 77.08846 44.04430 77.10013 44.04316     
 77.11328 44.03743 77.12208 44.02826 77.12530 44.01929 77.13032 44.01343     
 77.13637 44.00938 77.13914 44.00717 77.13589 44.01321 77.13471 44.02291     
 77.13605 44.02947 77.13861 44.03257 77.12274 44.04580 77.10316 44.06963     
 77.08279 44.09328 77.07883 44.10609 77.08117 44.11211 77.07293 44.12986     
 77.06396 44.15182 77.06024 44.16371 77.06944 44.17007 77.06590 44.17209     
 77.07481 44.17316 77.08292 44.16929 77.08978 44.16797 77.10906 44.16369     
 77.13113 44.15683 77.14961 44.14871 77.17097 44.14842 77.18082 44.14289     
 77.18938 44.13372 77.20097 44.12378 77.20956 44.11900 77.20329 44.12761     
 77.19273 44.13826 77.19556 44.14209 77.21686 44.13668 77.24199 44.13344     
 77.26199 44.12601 77.27615 44.11954 77.28903 44.11343 77.28941 44.10210     
 77.28957 44.09388 77.27538 44.09652 77.26494 44.09513 77.25179 44.10049     
 77.23585 44.10643 77.22449 44.11362 77.22120 44.11473 77.23150 44.10372     
 77.24208 44.09544 77.25218 44.09027 77.27699 44.08227 77.29781 44.08178     
 77.31097 44.07768 77.32479 44.08691 77.33167 44.08888 77.32413 44.09550     
 77.31882 44.09773 77.32150 44.10794 77.31117 44.11586 77.30948 44.12299     
 77.32166 44.12127 77.33330 44.11737 77.33936 44.11404 77.34107 44.10928     
 77.34565 44.10962 77.34116 44.11640 77.32550 44.12400 77.31695 44.13117     
 77.30654 44.13252 77.30354 44.13618 77.29725 44.14152 77.30566 44.14385     
 77.31284 44.14800 77.32397 44.14392 77.33359 44.14056 77.34399 44.13940     
 77.34228 44.14434 77.35215 44.14081 77.36078 44.13985 77.36404 44.13617     
 77.37344 44.13592 77.37836 44.14320 77.38421 44.14279 77.39150 44.13672     
 77.41472 44.12468 77.45171 44.11637 77.47753 44.10978 77.48183 44.10884     
 77.48690 44.10752 77.49374 44.10673 77.49825 44.10177 77.50526 44.09550     
 77.51606 44.08720 77.53321 44.07957 77.54555 44.07253 77.56288 44.06087     
 77.57473 44.05566 77.58645 44.05848 77.59720 44.06350 77.60284 44.06656     
 77.58854 44.07710 77.57953 44.08503 77.57655 44.08980 77.57329 44.09185     
 77.57543 44.09895 77.57726 44.10186 77.58652 44.10872 77.59141 44.11234     
 77.57707 44.10588 77.56503 44.09940 77.54784 44.10484 77.53743 44.10566     
 77.52853 44.10500 77.51620 44.11259 77.50585 44.11761 77.49090 44.11992     
 77.46758 44.12392 77.44430 44.13140 77.42709 44.13720 77.41115 44.14224     
 77.40713 44.14555 77.39499 44.15057 77.38567 44.15667 77.38292 44.16088     
 77.37500 44.15784 77.35651 44.16381 77.34917 44.16640 77.34507 44.16370     
 77.33292 44.16816 77.32402 44.16857 77.31943 44.16733 77.31910 44.16148     
 77.31902 44.15509 77.30936 44.15497 77.29588 44.15523 77.27639 44.16284     
 77.26505 44.17185 77.25494 44.17812 77.24451 44.17727 77.23231 44.17789     
 77.21956 44.17540 77.20679 44.17108 77.20273 44.17129 77.20651 44.16816     
 77.21159 44.16721 77.21453 44.15642 77.18709 44.15894 77.17570 44.16466     
 77.16936 44.16688 77.16222 44.16362 77.15253 44.16222 77.14465 44.16207     
 77.13631 44.16722 77.13100 44.16999 77.12466 44.17221 77.12081 44.16875     
 77.10406 44.17266 77.09645 44.17543 77.08553 44.17640 77.07615 44.18082     
 77.06068 44.18673 77.04572 44.19281 77.03379 44.19743 77.01701 44.19968     
 77.00430 44.20118 76.99691 44.19938 76.98698 44.19832 76.98746 44.19485     
 76.99763 44.19244 77.00246 44.19243 77.00655 44.19497 77.01343 44.19604     
 77.01773 44.19328 77.01869 44.18524 77.02630 44.18247 77.03492 44.17806     
 77.03997 44.17347 77.05048 44.15150 77.05624 44.14125 77.06351 44.12753     
 77.06547 44.11929 77.06617 44.11144 77.06916 44.10467 77.05596 44.10581     
 77.03899 44.11337 77.03214 44.11322 77.02205 44.12421 77.01375 44.13503     
 76.98386 44.15101 76.97145 44.15909 76.96080 44.16352 76.96057 44.16753     
 76.96135 44.16954 76.94027 44.17472 76.92631 44.17914 76.92324 44.17623     
 76.92144 44.17349 76.91279 44.17224 76.90718 44.17006 76.90188 44.17720     
 76.89552 44.17794 76.89599 44.17027 76.88988 44.16919 76.88151 44.17286     
 76.88096 44.16555 76.87535 44.16283 76.87813 44.15862 76.90022 44.15290     
 76.90202 44.15600 76.90862 44.15416 76.90484 44.16093 76.92896 44.15337     
 76.94191 44.15188 76.96123 44.15054 76.97643 44.14355 76.97975 44.14518     
 76.99623 44.13855 77.00610 44.13231 77.00552 44.12281 77.01155 44.11292     
 77.02469 44.10338 77.03811 44.09748 77.04723 44.09398 77.06697 44.08531     
 77.07153 44.08273 77.07661 44.08363 77.07809 44.07869 77.07908 44.07484     
 77.06891 44.07361 77.06709 44.06759 77.06807 44.06430 77.04784 44.07534     
 77.04675 44.06530 77.03384 44.06992 77.02346 44.07415 77.02140 44.07105     
 77.02113 44.06795 77.02641 44.06135 77.04716 44.05360 77.05782 44.05265     
 77.05295 44.04646 77.02837 44.05294 77.02330 44.05333 77.02251 44.05004     
 77.01086 44.05337 77.01620 44.05409 77.00533 44.06033 76.99493 44.06238     
 76.98959 44.05984 76.97182 44.06154 76.95210 44.07475 76.95822 44.07784     
 76.94128 44.09159 76.92206 44.10462 76.90407 44.11343 76.88329 44.12317     
 76.83739 44.14574 76.80313 44.16225 76.77699 44.17818 76.75945 44.18241     
 76.74498 44.19100 76.74397 44.19138 76.74117 44.19430 76.73634 44.19412     
 76.72517 44.20272 76.70736 44.20676 76.69465 44.21226 76.68804 44.21682     
 76.69159 44.20823 76.68624 44.20623 76.67149 44.21281 76.65394 44.21611     
 76.64223 44.21977 76.63231 44.22379 76.62697 44.22580 76.62188 44.23384     
 76.61399 44.23896 76.60483 44.24187 76.60024 44.23913 76.61399 44.23256     
 76.61703 44.22306 76.61474 44.21886 76.60761 44.21447 76.59769 44.21593     
 76.58827 44.21630 76.58521 44.21758 76.58140 44.21539 76.57504 44.21740     
 76.57732 44.21173 76.57249 44.21320 76.56791 44.21081 76.56765 44.20898     
 76.56027 44.20862 76.55442 44.21574 76.55035 44.21354 76.54449 44.22048     
 76.53685 44.22011 76.53151 44.21371 76.52107 44.21663 76.51700 44.21809     
 76.51572 44.22174 76.51191 44.21681 76.48492 44.22373 76.47626 44.23321     
 76.48109 44.23522 76.48158 44.24583 76.47191 44.24581 76.47266 44.25075     
 76.48183 44.25441 76.47392 44.26536 76.46600 44.27449 76.46346 44.26974     
 76.46808 44.25476 76.46657 44.24271 76.46352 44.23228 76.46073 44.22790     
 76.44850 44.23555 76.44927 44.22989 76.44189 44.23445 76.42482 44.23790     
 76.40519 44.24754 76.39321 44.24934 76.38326 44.25608 76.38351 44.26066     
 76.38783 44.26267 76.37280 44.26538 76.36796 44.26409 76.36311 44.26535     
 76.36337 44.26481 76.35980 44.26498 76.35801 44.26863 76.33685 44.27407     
 76.32944 44.27843 76.32101 44.28480 76.31512 44.28991 76.31027 44.29281     
 76.31433 44.29684 76.30517 44.29481 76.29546 44.29899 76.28603 44.30152     
 76.28423 44.30243 76.28449 44.30207 76.27096 44.30641 76.25873 44.30637     
 76.24674 44.30744 76.23808 44.30740 76.23906 44.31380 76.23296 44.31195     
 76.22399 44.31850 76.22781 44.32107 76.21275 44.32267 76.20689 44.32117     
 76.21253 44.31645 76.20695 44.31113 76.19881 44.31019 76.19704 44.30744     
 76.19321 44.30652 76.18937 44.31125 76.18219 44.31744 76.16788 44.32341     
 76.15588 44.32501 76.14335 44.33098 76.12674 44.33549 76.10426 44.33995     
 76.09684 44.34357 76.09962 44.34614 76.09016 44.35048 76.07203 44.35186     
 76.06664 44.35604 76.06103 44.35601 76.05231 44.36090 76.06850 44.34674     
 76.05957 44.34778 76.04680 44.34937 76.04170 44.34916 76.03273 44.35386     
 76.03098 44.35093 76.01919 44.35690 76.01274 44.36417 76.00101 44.36411     
 75.99155 44.36552 75.98566 44.36768 75.98142 44.35761 75.99064 44.35400     
 75.99577 44.35184 75.99885 44.34930 76.00784 44.34277 76.01630 44.33679     
 76.02500 44.33391 76.03138 44.33304 76.04031 44.33271 76.05106 44.32783     
 76.05978 44.32203 76.05930 44.31874 76.04423 44.32158 76.04012 44.32541     
 76.02789 44.32406 76.02670 44.31529 76.04055 44.30494 76.04774 44.29768     
 76.05441 44.29278 76.05775 44.29023 76.05726 44.28786 76.06035 44.28422     
 76.06213 44.28350 76.05907 44.28476 76.05423 44.28456 76.04884 44.28873     
 76.04526 44.29017 76.04651 44.29292 76.04395 44.29455 76.04015 44.29161     
 76.03351 44.29377 76.02917 44.29503 76.03202 44.28920 76.03358 44.28609     
 76.03054 44.28371 76.02569 44.28422 76.01191 44.28690 76.00087 44.29580     
 75.99343 44.30087 75.98371 44.30447 75.98082 44.29990 75.98915 44.29536     
 75.99251 44.29027 76.00357 44.27882 76.01482 44.27394 76.01765 44.27085     
 76.01616 44.26738 76.01975 44.26429 76.02305 44.26632 76.03478 44.26436     
 76.04194 44.26166 76.04272 44.25911 76.03918 44.25599 76.05322 44.25258     
 76.06551 44.24424 76.07547 44.24081 76.08133 44.24029 76.08691 44.24270     
 76.09099 44.24218 76.09154 44.23760 76.08979 44.23266 76.08550 44.22771     
 76.08756 44.22389 76.09163 44.22518 76.09725 44.22247 76.10081 44.22303     
 76.10131 44.22450 76.09415 44.22794 76.09260 44.23159 76.10606 44.23658     
 76.10961 44.23750 76.11551 44.23149 76.12931 44.22407 76.13670 44.22209     
 76.13797 44.22393 76.14562 44.22084 76.16447 44.21836 76.17904 44.20947     
 76.18748 44.20293 76.19077 44.20568 76.19816 44.20406 76.20172 44.20407     
 76.20632 44.20134 76.20559 44.19477 76.22064 44.18861 76.23033 44.18444     
 76.24333 44.17809 76.25483 44.16918 76.26528 44.16336 76.27930 44.15774     
 76.29507 44.15450 76.30247 44.14722 76.31294 44.13737 76.32110 44.13155     
 76.33178 44.13010 76.33992 44.12831 76.35189 44.12030 76.36285 44.11119     
 76.36794 44.10736 76.37075 44.10225 76.37102 44.09896 76.36645 44.09803     
 76.36009 44.09949 76.36137 44.09620 76.35935 44.09127 76.36114 44.08835     
 76.35912 44.08689 76.35300 44.09108 76.34792 44.09179 76.34438 44.08922     
 76.34922 44.08411 76.35635 44.07957 76.36093 44.07465 76.35840 44.07209     
 76.35104 44.07133 76.33681 44.07515 76.32893 44.07457 76.31214 44.08293     
 76.30045 44.08637 76.31114 44.07928 76.32413 44.07073 76.32973 44.06690     
 76.32796 44.06270 76.32188 44.06031 76.32213 44.06068 76.31503 44.05919     
 76.30766 44.05918 76.30081 44.05934 76.29750 44.06062 76.29114 44.06516     
 76.30008 44.05149 76.29529 44.04527 76.30344 44.03651 76.30474 44.02958     
 76.30933 44.02483 76.30376 44.01971 76.30253 44.01258 76.30203 44.00893     
 76.29163 44.01091 76.28580 44.00979 76.28883 44.01090 76.28425 44.01527     
 76.28348 44.01765 76.28855 44.01839 76.28295 44.02239 76.27908 44.03554     
 76.26787 44.04683 76.26912 44.04957 76.27622 44.05105 76.26403 44.05339     
 76.25282 44.06158 76.24342 44.06265 76.23070 44.06736 76.22614 44.06496     
 76.22156 44.06787 76.22052 44.07098 76.21264 44.07315 76.20575 44.07878     
 76.19811 44.08186 76.21268 44.06474 76.21423 44.05981 76.20639 44.05521     
 76.19215 44.06010 76.17741 44.06296 76.16800 44.06457 76.15733 44.06545     
 76.14613 44.06942 76.13570 44.07285 76.14642 44.06430 76.15103 44.05830     
 76.14137 44.06100 76.13169 44.06443 76.15162 44.04624 76.16766 44.03827     
 76.16616 44.03425 76.15932 44.03166 76.14635 44.03526 76.14024 44.03980     
 76.13061 44.03794 76.12373 44.04084 76.11888 44.04447 76.11176 44.04772     
 76.11918 44.03935 76.11972 44.03423 76.13023 44.01876 76.15569 44.00608     
 76.17472 44.00359 76.18743 43.99925 76.20346 43.98999 76.20962 43.97833     
 76.20508 43.97301 76.20587 43.96717 76.18735 43.97094 76.18073 43.97603     
 76.17569 43.97054 76.17673 43.96597 76.17574 43.96304 76.17221 43.95883     
 76.15317 43.96387 76.13107 43.96944 76.11377 43.97905 76.09594 43.98993     
 76.08929 43.99667 76.08697 44.00268 76.08009 44.00666 76.07838 43.99771     
 76.06416 43.99947 76.06421 43.99326 76.06201 43.98247 76.06333 43.97644     
 76.05675 43.97568 76.06210 43.97206 76.06895 43.97081 76.07177 43.96735     
 76.07154 43.96424 76.07888 43.96574 76.07854 43.97725 76.08665 43.97692     
 76.10501 43.96312 76.11420 43.95385 76.12437 43.94951 76.13020 43.94806     
 76.14012 43.94318 76.14040 43.93953 76.13916 43.93604 76.13182 43.93419     
 76.12787 43.91920 76.12791 43.91408 76.12921 43.90770 76.13028 43.90003     
 76.13513 43.89420 76.14681 43.88895 76.15137 43.88933 76.15566 43.89026     
 76.20315 43.86669 76.20293 43.86066 76.20348 43.85244 76.20831 43.84899     
 76.21692 43.84665 76.22290 43.86475 76.23657 43.86333 76.23858 43.86609     
 76.22585 43.88138 76.22735 43.88413 76.23013 43.88578 76.22480 43.88759     
 76.22173 43.89270 76.21260 43.89705 76.21384 43.90016 76.21104 43.90472     
 76.20444 43.90597 76.20797 43.90908 76.21407 43.90527 76.22070 43.89689     
 76.22173 43.89453 76.22148 43.89325 76.22581 43.88887 76.23341 43.88744     
 76.24203 43.88435 76.25370 43.88037 76.26003 43.88113 76.26559 43.88206     
 76.27625 43.87679 76.28893 43.86879 76.29351 43.86350 76.29301 43.86313     
 76.29987 43.85438 76.29966 43.84488 76.30171 43.83850 76.29337 43.83811     
 76.28374 43.84174 76.27490 43.83769 76.26757 43.83657 76.27037 43.83165     
 76.26939 43.82525 76.26104 43.82560 76.25471 43.82723 76.24815 43.82246     
 76.25223 43.81807 76.24565 43.81697 76.23854 43.82316 76.23043 43.82679     
 76.23171 43.82350 76.23907 43.81804 76.23937 43.80946 76.23003 43.80778     
 76.22331 43.78493 76.21636 43.76170 76.20824 43.72222 76.20425 43.71271     
 76.20175 43.70741 76.19971 43.71124 76.19644 43.70884 76.19497 43.70263     
 76.19044 43.70042 76.19550 43.69715 76.20030 43.69680 76.20103 43.70028     
 76.20280 43.70192 76.20163 43.68402 76.20145 43.67160 76.20100 43.66228     
 76.19823 43.66008 76.19791 43.67324 76.19737 43.67834 76.19459 43.68071     
 76.18952 43.68289 76.18501 43.67958 76.18782 43.67173 76.17925 43.66987     
 76.17298 43.66474 76.16568 43.66198 76.15915 43.65738 76.14958 43.65479     
 76.16245 43.65355 76.16904 43.64701 76.17007 43.64391 76.16380 43.63968     
 76.15675 43.63709 76.15096 43.63506 76.16055 43.63510 76.16860 43.63715     
 76.17540 43.63954 76.18474 43.63829 76.18878 43.63648 76.18929 43.63520     
 76.19131 43.63376 76.19559 43.63724 76.19585 43.63396 76.19513 43.62883     
 76.19388 43.62701 76.18254 43.62513 76.17599 43.62366 76.17779 43.61946     
 76.18662 43.61675 76.18940 43.61621 76.18944 43.60891 76.18012 43.60759     
 76.17181 43.60683 76.17033 43.60226 76.18016 43.60120 76.18318 43.60102     
 76.18622 43.59938 76.18298 43.59372 76.18501 43.58953 76.19131 43.58918     
 76.19637 43.58792 76.19059 43.58371 76.18204 43.58184 76.18258 43.57471     
 76.18159 43.57161 76.17076 43.57065 76.16220 43.56972 76.15616 43.56914     
 76.17152 43.56939 76.18186 43.56833 76.18993 43.56708 76.19019 43.56489     
 76.19272 43.56307 76.20052 43.56602 76.20152 43.56657 76.20555 43.56603     
 76.20452 43.56969 76.20400 43.57298 76.20576 43.57352 76.20857 43.56605     
 76.21265 43.55729 76.21519 43.55219 76.20086 43.54939 76.19257 43.54425     
 76.19108 43.54168 76.20290 43.54484 76.21271 43.54561 76.21622 43.54853     
 76.22458 43.53906 76.24956 43.52799 76.26089 43.52547 76.27476 43.52114     
 76.29139 43.51643 76.30348 43.51445 76.31783 43.51504 76.32941 43.51287     
 76.34878 43.51620 76.36084 43.52353 76.37493 43.52576 76.39305 43.52689     
 76.40690 43.52509 76.41698 43.52144 76.43083 43.51416 76.44418 43.50796     
 76.45476 43.50286 76.46861 43.49649 76.47842 43.48828 76.48371 43.48134     
 76.50082 43.47076 76.50712 43.46674 76.51315 43.46347 76.52221 43.46292     
 76.52950 43.45982 76.53855 43.46055 76.55691 43.45124 76.57149 43.44485     
 76.58807 43.43445 76.60465 43.42404 76.61571 43.41947 76.62877 43.41252     
 76.63380 43.41417 76.64783 43.39717 76.65911 43.38128 76.67290 43.36701     
 76.68517 43.35513 76.69344 43.34910 76.69871 43.34617 76.69393 43.34343     
 76.69317 43.33832 76.69643 43.33850 76.70070 43.34050 76.70045 43.34379     
 76.70171 43.34489 76.70421 43.33959 76.70720 43.32899 76.70969 43.32351     
 76.70817 43.31785 76.70992 43.31565 76.71169 43.31894 76.71719 43.31290     
 76.71922 43.32131 76.71974 43.32734 76.71999 43.32952 76.71423 43.32935     
 76.71550 43.33775 76.71401 43.34341 76.71076 43.34780 76.72481 43.34340     
 76.73509 43.34193 76.75112 43.33113 76.77441 43.31904 76.79997 43.31096     
 76.82278 43.30672 76.83758 43.30559 76.86263 43.29859 76.88317 43.29306     
 76.89948 43.29557 76.91650 43.28931 76.93501 43.28177 76.95227 43.27441     
 76.96481 43.27419 76.97334 43.27454 76.96679 43.27053 76.95576 43.27112     
 76.94349 43.27353 76.94193 43.26586 76.93793 43.26660 76.94142 43.26330     
 76.93910 43.25436 76.93833 43.25126 76.93556 43.24944 76.94357 43.24649     
 76.93829 43.24323 76.93449 43.23756 76.92999 43.23995 76.92494 43.23321     
 76.92614 43.22462 76.92637 43.22132 76.92358 43.21476 76.93238 43.22039     
 76.93493 43.22807 76.94246 43.22986 76.94651 43.23606 76.95081 43.24281     
 76.95606 43.24043 76.96231 43.23839 76.96711 43.24368 76.96941 43.24970     
 76.97268 43.25261 76.97488 43.24365 76.97687 43.24146 76.97942 43.24802     
 76.98145 43.25203 76.99029 43.26132 76.99557 43.26423 76.98858 43.26789     
 76.97907 43.27086 76.98111 43.27469 76.99690 43.27499 77.00941 43.27167     
 77.02598 43.27270 77.02595 43.26886 77.04781 43.27536 77.07069 43.28275     
 77.09781 43.28702 77.12064 43.28838 77.13892 43.28555 77.14548 43.29009     
 77.16550 43.28524 77.18129 43.28407 77.19009 43.28621 77.20637 43.28357     
 77.23169 43.28343 77.26247 43.27796 77.28957 43.27871 77.31492 43.28093     
 77.33421 43.27916 77.34100 43.28058 77.36153 43.27789 77.38432 43.27554     
 77.40132 43.27231 77.42234 43.26961 77.43884 43.26620 77.46004 43.25873     
 77.47978 43.25402 77.50202 43.24945 77.51721 43.24312 77.53117 43.23826     
 77.55495 43.23624 77.57158 43.24194 77.59253 43.25090 77.61127 43.26206     
 77.62744 43.26976 77.64258 43.27475 77.66104 43.28389 77.68031 43.29578     
 77.69835 43.30821 77.70723 43.31379 77.70739 43.30867 77.71368 43.31007     
 77.71840 43.30692 77.72177 43.31292 77.72931 43.31375 77.73933 43.31311     
 77.74535 43.31268 77.72363 43.31838 77.71459 43.31828 77.71230 43.31611     
 77.71620 43.32393 77.73922 43.33357 77.76321 43.34155 77.78579 43.34076     
 77.82251 43.34404 77.85272 43.34846 77.88293 43.35232 77.90966 43.35787     
 77.93611 43.36158 77.95657 43.36683 77.97495 43.36879 78.00278 43.36718     
 78.03674 43.36968 78.06671 43.37313 78.11326 43.37637 78.14439 43.37577     
 78.17749 43.37367 78.20784 43.37215 78.24146 43.37076 78.26515 43.37389     
 78.29125 43.37315 78.34278 43.37456 78.37351 43.37738 78.40212 43.37657     
 78.43771 43.37381 78.46603 43.37189 78.47908 43.37149 78.48500 43.37614     
 78.50276 43.37366 78.53963 43.37195 78.58087 43.36557 78.61559 43.35966     
 78.65031 43.35394 78.68288 43.34422 78.70937 43.34044 78.73316 43.33890     
 78.75853 43.33204 78.79623 43.32602 78.82414 43.32054 78.87983 43.30592     
 78.90796 43.29969 78.94353 43.29166 78.97878 43.28180 79.00597 43.27758     
 79.02862 43.27308 79.04281 43.27040 79.05297 43.26725 79.05766 43.26533     
 79.06181 43.26250 79.06407 43.25624 79.06417 43.25587  0.00000  0.00000     
                    POINT PENINSULA
 76.28351 44.01016 76.27065 43.99259 76.27322 43.98602 76.27554 43.97799     
 76.28039 43.97069 76.28498 43.96486 76.27992 43.96064 76.26418 43.96626     
 76.24921 43.97041 76.23775 43.97969 76.23518 43.98535 76.22118 43.99608     
 76.22112 44.00759 76.20966 44.01541 76.20378 44.02343 76.20401 44.02726     
 76.21035 44.02856 76.21924 44.02676 76.21592 44.03059 76.22404 44.02915     
 76.23522 44.02736 76.26139 44.02050 76.27587 44.01652 76.28020 44.01270     
 76.28402 44.01016 76.28351 44.01016  0.00000  0.00000  0.00000  0.00000     
                    PIETON ISLAND
 76.06595 44.28407 76.06900 44.28518 76.06436 44.29136 76.06999 44.28883     
 76.07359 44.28483 76.07079 44.28463 76.07566 44.28028 76.07236 44.27935     
 76.07240 44.27478 76.06704 44.27584 76.06623 44.28133 76.06391 44.28405     
 76.06595 44.28407  0.00000  0.00000  0.00000  0.00000  0.00000  0.00000     
                    GRENADIER ISLAND
 76.34045 44.05067 76.34348 44.05342 76.35135 44.05381 76.36481 44.05256     
 76.37090 44.05293 76.38184 44.04473 76.38364 44.03852 76.37831 44.03669     
 76.37628 44.03467 76.35979 44.03555 76.35090 44.03772 76.34760 44.03936     
 76.34835 44.04046 76.34605 44.04429 76.34122 44.04866 76.33968 44.05140     
 76.34045 44.05067  0.00000  0.00000  0.00000  0.00000  0.00000  0.00000     
                    FOX ISLAND
 76.33771 44.03532 76.33746 44.03204 76.32909 44.03329 76.32378 44.02944     
 76.32349 44.03547 76.32499 44.04278 76.32092 44.04660 76.31888 44.04879     
 76.31963 44.05153 76.33006 44.04571 76.33490 44.03915 76.33694 44.03550     
 76.33771 44.03532  0.00000  0.00000  0.00000  0.00000  0.00000  0.00000     
                    CARLETON ISLAND
 76.27413 44.17362 76.26700 44.17707 76.26673 44.17926 76.27230 44.18439     
 76.27715 44.18203 76.28551 44.18808 76.28933 44.18846 76.29391 44.18829     
 76.30436 44.18412 76.31149 44.18011 76.31023 44.17774 76.31255 44.17208     
 76.31104 44.16586 76.30747 44.16840 76.29170 44.17020 76.28101 44.17327     
 76.27489 44.17435 76.27413 44.17362  0.00000  0.00000  0.00000  0.00000     
                    WOLFE ISLAND
 76.40014 44.23109 76.40728 44.22617 76.40372 44.22416 76.39914 44.22396     
 76.39558 44.22249 76.39687 44.21702 76.39967 44.21410 76.40680 44.21356     
 76.41470 44.21175 76.41978 44.21103 76.41800 44.21340 76.42538 44.21506     
 76.43302 44.21014 76.43863 44.20868 76.44550 44.20650 76.45034 44.20469     
 76.44067 44.20266 76.43737 44.19845 76.43407 44.19863 76.43126 44.20283     
 76.42133 44.20172 76.40963 44.20316 76.40098 44.20296 76.39665 44.20204     
 76.39690 44.20295 76.38342 44.20055 76.37070 44.19889 76.36435 44.19851     
 76.35518 44.20195 76.35136 44.20140 76.34832 44.19847 76.33304 44.20172     
 76.32822 44.19879 76.32641 44.20609 76.32029 44.20772 76.30505 44.20220     
 76.29384 44.20527 76.28849 44.20600 76.27423 44.20722 76.26735 44.20940     
 76.26609 44.20629 76.25082 44.20587 76.23147 44.20892 76.21362 44.21398     
 76.19423 44.22340 76.18222 44.23086 76.17889 44.23376 76.18650 44.23800     
 76.19058 44.23672 76.19672 44.23291 76.20614 44.23312 76.21276 44.23224     
 76.21991 44.22879 76.23215 44.22556 76.23161 44.23084 76.23898 44.23306     
 76.24380 44.23581 76.25629 44.23257 76.27235 44.22750 76.28130 44.22041     
 76.28106 44.21766 76.28461 44.21840 76.29150 44.21586 76.30067 44.21242     
 76.29430 44.21696 76.29836 44.21734 76.29530 44.22099 76.28916 44.22572     
 76.28659 44.23283 76.29524 44.23231 76.29932 44.23269 76.30469 44.22759     
 76.30724 44.22486 76.31437 44.22433 76.32707 44.23240 76.33166 44.23039     
 76.33266 44.23368 76.33801 44.23388 76.33648 44.23570 76.34693 44.23099     
 76.35534 44.23027 76.36782 44.22555 76.37470 44.22483 76.37367 44.22794     
 76.37724 44.22794 76.38081 44.22484 76.38641 44.22559 76.39123 44.23052     
 76.39606 44.23328 76.40039 44.23127 76.40014 44.23109  0.00000  0.00000     
                    WOLFE ISLAND
 76.39742 44.19930 76.40989 44.20115 76.42236 44.19989 76.43051 44.19662     
 76.43535 44.19407 76.44578 44.19317 76.45495 44.19044 76.46055 44.18862     
 76.46207 44.19154 76.47047 44.18864 76.46996 44.18644 76.47963 44.18281     
 76.48854 44.17806 76.49516 44.17496 76.49414 44.17478 76.50483 44.16803     
 76.50992 44.16274 76.51832 44.15854 76.51145 44.15469 76.50484 44.15689     
 76.50586 44.15305 76.50764 44.15031 76.51502 44.14046 76.51070 44.13808     
 76.51427 44.13350 76.50562 44.13752 76.49418 44.13934 76.49215 44.13988     
 76.49011 44.13805 76.49012 44.13513 76.47715 44.13695 76.46723 44.14296     
 76.46188 44.14588 76.45528 44.13929 76.45911 44.13162 76.47083 44.11812     
 76.48202 44.10973 76.49040 44.10627 76.49016 44.10262 76.47897 44.10553     
 76.46854 44.11447 76.46346 44.11537 76.44466 44.10914 76.43756 44.10419     
 76.43656 44.09743 76.41901 44.10946 76.41747 44.11494 76.38541 44.12859     
 76.36811 44.13440 76.36024 44.13329 76.35641 44.13473 76.36250 44.14078     
 76.37013 44.13861 76.38258 44.14009 76.37619 44.15195 76.35606 44.16634     
 76.34711 44.18038 76.36589 44.19338 76.36792 44.19632 76.38522 44.19818     
 76.39716 44.20039 76.39742 44.19930  0.00000  0.00000  0.00000  0.00000     
                    AMHEREST ISLAND
 76.72382 44.17405 76.73499 44.16489 76.75124 44.15684 76.77129 44.14895     
 76.78679 44.14437 76.79060 44.14582 76.80228 44.13959 76.80734 44.13429     
 76.81087 44.12716 76.80397 44.11730 76.79685 44.11658 76.78772 44.12043     
 76.78085 44.11789 76.78361 44.10857 76.78841 44.09961 76.77470 44.10456     
 76.76505 44.10384 76.76351 44.10165 76.75259 44.10167 76.74245 44.11136     
 76.73255 44.11393 76.72263 44.11120 76.71705 44.11250 76.71655 44.11706     
 76.70486 44.11524 76.70435 44.11158 76.70686 44.10245 76.69495 44.11306     
 76.68456 44.12987 76.68280 44.14011 76.67722 44.14540 76.66096 44.15180     
 76.64979 44.16350 76.62971 44.17173 76.61929 44.17721 76.61878 44.18122     
 76.62947 44.18561 76.63914 44.18999 76.64652 44.19054 76.65847 44.18542     
 76.67194 44.17920 76.69228 44.17334 76.69659 44.17133 76.69991 44.17225     
 76.70778 44.16840 76.71490 44.16802 76.72151 44.16619 76.72304 44.16674     
 76.72355 44.16856 76.72254 44.17131 76.72229 44.17405 76.72484 44.17423     
 76.72382 44.17405  0.00000  0.00000  0.00000  0.00000  0.00000  0.00000     
                    SIMCOE ISLAND
 76.49999 44.17734 76.49719 44.17935 76.50253 44.17990 76.50660 44.18082     
 76.50965 44.18393 76.51779 44.18229 76.52492 44.18156 76.52873 44.17701     
 76.52975 44.17317 76.53764 44.16623 76.54578 44.16039 76.55392 44.15527     
 76.55722 44.15236 76.55290 44.14833 76.53790 44.15454 76.52620 44.16257     
 76.51500 44.17041 76.50661 44.17296 76.49973 44.17734 76.49999 44.17734     
  0.00000  0.00000  0.00000  0.00000  0.00000  0.00000  0.00000  0.00000     
                    HOWE ISLAND
 76.28298 44.29823 76.29652 44.29113 76.30674 44.28477 76.31875 44.27622     
 76.33023 44.27150 76.33636 44.26511 76.34274 44.26349 76.34887 44.25966     
 76.35143 44.25620 76.35551 44.25256 76.34072 44.25891 76.34303 44.25235     
 76.34688 44.24724 76.32905 44.24848 76.32420 44.24901 76.31225 44.24569     
 76.30410 44.24549 76.28956 44.25185 76.28188 44.25895 76.27805 44.26223     
 76.26047 44.26309 76.24644 44.26816 76.23060 44.27541 76.22039 44.27903     
 76.21118 44.28539 76.20476 44.29486 76.19912 44.29977 76.20725 44.30400     
 76.21745 44.30240 76.22308 44.29914 76.22948 44.29440 76.22842 44.30079     
 76.23914 44.30009 76.24449 44.29830 76.25035 44.29903 76.24630 44.29482     
 76.25092 44.28917 76.25573 44.29358 76.26086 44.28574 76.25526 44.28572     
 76.26037 44.28299 76.27006 44.28193 76.28741 44.27467 76.27003 44.28759     
 76.26209 44.29652 76.26512 44.30164 76.27431 44.29948 76.28298 44.29768     
 76.28298 44.29823  0.00000  0.00000  0.00000  0.00000  0.00000  0.00000     
                    GRINDSTONE ISLAND
 76.07867 44.28668 76.07200 44.29250 76.06942 44.29613 76.07449 44.29999     
 76.07545 44.30713 76.07771 44.31115 76.08492 44.30187 76.08752 44.29604     
 76.09212 44.29479 76.09386 44.29990 76.11098 44.29432 76.12144 44.29198     
 76.12758 44.28909 76.13091 44.28617 76.12993 44.28088 76.13250 44.27741     
 76.13376 44.27980 76.13425 44.28236 76.13934 44.28439 76.13752 44.28803     
 76.14160 44.28841 76.14316 44.28367 76.14874 44.28717 76.15108 44.28060     
 76.15802 44.27095 76.16365 44.26749 76.15964 44.25725 76.15250 44.25888     
 76.15636 44.25285 76.14973 44.25465 76.15331 44.25102 76.14288 44.25116     
 76.14131 44.25571 76.13316 44.25568 76.13141 44.25184 76.13602 44.24784     
 76.12505 44.25145 76.11558 44.25780 76.11626 44.26859 76.10558 44.26689     
 76.09359 44.26885 76.08668 44.27265 76.08334 44.27575 76.08792 44.27704     
 76.08050 44.28122 76.07639 44.28576 76.07867 44.28668  0.00000  0.00000     
                    STONY ISLAND
 76.33446 43.87986 76.32455 43.88678 76.31921 43.89498 76.31234 43.90246     
 76.30953 43.90958 76.30418 43.91614 76.30316 43.91816 76.31077 43.91762     
 76.33109 43.90269 76.33817 43.90179 76.34427 43.89705 76.34681 43.89597     
 76.34782 43.89524 76.35342 43.88812 76.36028 43.87864 76.34736 43.88300     
 76.34381 43.88372 76.34332 43.87934 76.33522 43.87858 76.33344 43.87968     
 76.33446 43.87986  0.00000  0.00000  0.00000  0.00000  0.00000  0.00000     
                    GALLOO ISLAND
 76.37636 43.92197 76.39232 43.92145 76.40499 43.91819 76.41537 43.91729     
 76.42907 43.90891 76.43896 43.90071 76.44708 43.89140 76.44836 43.88866     
 76.43848 43.88919 76.42429 43.89374 76.40656 43.90101 76.39235 43.90903     
 76.38219 43.91686 76.37636 43.92160 76.37636 43.92197  0.00000  0.00000     
                    FALSE DUCK ISLAND
 76.84363 43.95500 76.84261 43.95337 76.83780 43.95447 76.83476 43.95558     
 76.83375 43.95540 76.82971 43.96015 76.83302 43.96325 76.83908 43.95922     
 76.84439 43.95591 76.84312 43.95373 76.84363 43.95500  0.00000  0.00000     
                    MAIN DUCK ISLAND
 76.63855 43.93095 76.62816 43.92566 76.62005 43.92182 76.61118 43.92054     
 76.60029 43.92219 76.59827 43.92676 76.61321 43.92585 76.61803 43.92932     
 76.62336 43.93516 76.62564 43.93681 76.63956 43.93077 76.63855 43.93095     
  0.00000  0.00000  0.00000  0.00000  0.00000  0.00000  0.00000  0.00000     
                    WAUPOOSI ISLAND
 76.99212 43.98694 76.98882 43.98677 76.98650 43.98111 76.98547 43.97746     
 76.97156 43.98353 76.96705 43.99177 76.96328 43.99672 76.96558 44.00055     
 76.96458 44.00291 76.96915 44.00382 76.97195 44.00417 76.98129 43.99647     
 76.99012 43.99133 76.99239 43.98858 76.99136 43.98694 76.99212 43.98694     
  0.00000  0.00000  0.00000  0.00000  0.00000  0.00000  0.00000  0.00000     
