LAKE SUPERIOR BATHYMETRY                                                       1
   61   30  46.3184662  92.102752710000  326   12  0.0     1    0  0.0         2
   0.770215E+02   0.584617E+01  -0.142494E+01   0.0                            3
  -0.398892E+01   0.111176E+03   0.0            0.486127E+00                   4
   0.129841E-01  -0.717624E-03   0.226882E-05   0.0                            5
   0.477160E-03   0.898120E-02   0.0           -0.757848E-06                   6
   0   0   0   0   0   0   0   0   0   0   0   0   0   0   0   0   0   0   0   7
   0   0   0   0   0   0   0   0   0   0   0   0   0   0   0   0   0   0   0   8
   0   0   0   0   0   0   0   0   0   0   0   0   0   0   0   0   0   0   0   9
   0   0   0   0   0   0   0   0   0   0   0   0   0   0   0   0   0   0   0  10
   0   0   0   0   0   0   0   0   0   0   0   0   0   0   0   0   0   0   0  11
   0   0   0  18  37  22  13  53  22  45   0   0   0   0   0   0   0   0   0  12
   0   0  13  14  28  13   0   0   0   0   0   0   0   0   0   0   0   0   0  13
   0   0   0   0   0   0   0   0   0   0   0   0   0   0   0   0   0   0   0  14
   0   0   0   0   0   0   0  49  89  79 109  71 100  97  84  17   0   0   0  15
   0   0   0   0   0   0  13  33  61  37   0   0   0   0   0   0   0   0   0  16
   0   0   0   0   0  16  32  47  57  30   0   0   0   0   0   0   0   0   0  17
   0   0   0   0   0   0   0   0   0   0  31  81 105 130 148 140 171 142 115  18
  61  22  16  13  13  13  14   0   0   0  24  58  48  54   0   0   0   0  20  19
  21  18   0   0   0   0   0   0   0  31  47  87  98 120  63   0   0   0   0  20
   0   0   0   0   0   0   0   0   0   0   0   0   0   0  53 107 127 164 140  21
 188 223 170  69 219 118  97  96  71 109 113  33   0   0  13  49  68  71   0  22
   0   0   0  39  50  69  67  51  30   0   0   0   0   0  51  66 129 135 154  23
 132  76  45  31   0   0   0   0   0   0   0  62   0   0   0   0  28  53  74  24
 126 150 142 156 202 238 251  97 275 158 162 176 137 162 166  72  29  33  55  25
  36  72  34   0   0   0   0   0  61 129 130 134 115  89  23   0   0  34  41  26
  23  63 136 169 179 158 125  95  55  24   0   0   0   0   0  75  88  33  45  27
  56  67 104 101 140 159 146 189 211 259 204 150 253 248 152 151 175 174 137  28
 130  99  94  81  23  35   0   0   0   0   0   0   0   0 152 190 162 139  98  29
  31  17  21  26  49  93 129 161 188 202 176 147  95  70  53  19   0   0   0  30
   0  29  66  93  94 101 110 111 143 135 148 194 219 246 326 290 257 231 182  31
 139 158 142 171  96 149 161 135  89   0   0   0   0   0   0   0   0   0   0  32
 156 239 180 146 100  46  42  48  57  89 128 158 179 197 189 174 139 102  81  33
  50  18   0   0   0   0  71  87  88 102 112 102 157  67 173 237 229 269 260  34
 260 219 247 175  65 128 104 146 160 164 174 156  45 126   0   0   0   0   0  35
   0   0   0   0   0 163 219 173 152  82  68  77  91 107 131 161 175 190 194  36
 190 175 148 104  72  62  22   0   0   0   0  46  70  78 102 114 173 160 226  37
 286 269 243 274 196 144 183 169 101  96 178 144 142 142 209 135  46 107   0  38
   0   0   0   0   0   0   0   0   0   0 181 228 175 164  82  86  97 118 128  39
 143 173 185 194 194 192 175 157 122 117 119  82   0   0   0   0  43  51  96  40
 131 177 240 249 301 270 249 237 237 107 147  82  50 120 163 157 194 174 152  41
 199  61  81   0   0   0   0   0   0   0   0   0   0   0   0 197 209 187 164  42
 120 108 113 128 146 170 180 196 197 172 163 180 141 168 177 198 165  50   0  43
   0   0   0  38 144 178 268 302 248 257 246 227 177 116 151 127  47  96 153  44
 204 153 221 194 108  32   0   0   0   0   0   0   0   0   0   0   0   0   0  45
   0 167 220 182 161 151 141 145 145 161 175 191 191 181 183 181 164 202 249  46
 245 235 234 278 178 117 116 132 147 192 283 314 322 286 232 205 172 106 134  47
 187  57  96 112 144 154 238 134  50  87   0   0   0   0   0   0   0   0   0  48
   0   0   0   0   0   0 118 162 170 167 168 169 167 165 177 182 178 180 187  49
 187 192 188 211 220 227 250 264 195 230 204 176 148 187 274 295 312 300 268  50
 224 179  84 170 110  79  72 107 111 110 157 125   0   0   0   0   0   0   0  51
   0   0   0   0   0   0   0   0   0   0   0   0 123 154 162 175 175 177 172  52
 158 167 169 174 183 203 195 198 179 203 210 219 250 262 234 209 163 167 255  53
 294 289 287 276 230 193 162 152 125 100  92 161 153 112 130 130   0   0   0  54
   0   0   0   0   0   0   0   0   0   0   0   0   0   0   0   0   0   0  59  55
 112 195 187 186 164 168 164  97 159 177 230 220 182 193 226 230 236 231 227  56
 217 175 145 207 246 277 268 264 248 186 175 171 115   0   0  41 148 120 102  57
 154  60   0   0   0   0   0   0   0   0   0   0   0   0   0   0   0   0   0  58
   0   0   0   0   0   0  89 192 223 202 138   0   0  54 193 216 223 237 253  59
 248 244 243 237 223 215 152 171 222 235 261 269 248 174 198 145 157 138 115  60
  70  56 100  92 131  66   0   0   0   0   0   0   0   0   0   0   0   0   0  61
   0   0   0   0   0   0   0   0   0   0   0   0  82 218 226 174   0   0  35  62
 134 192 222 233 292 270 235 252 238 231 220 165 192 217 248 247 235 183 169  63
 122  89  87   0   0   0  52  47  79 102   0   0   0   0   0   0   0   0   0  64
   0   0   0   0   0   0   0   0   0   0   0   0   0   0   0   0   0   0 169  65
 214 208 137   0   0 100 154 193 249 262 251 255 240 233 235 139 149 223 208  66
 189 217 196 199 135  85   0   0   0   0   0   0   0   0   0   0   0   0   0  67
   0   0   0   0   0   0   0   0   0   0   0   0   0   0   0   0   0   0   0  68
   0   0   0   0  96 218 230 184 126   0  77  88 208 235 241 243 237 236 215  69
 201 143 267 172 171 203 229 170 136   0   0   0   0   0   0   0   0   0   0  70
   0   0   0   0   0   0   0   0   0   0   0   0   0   0   0   0   0   0   0  71
   0   0   0   0   0   0   0   0  15   0 196 234 174 148 123  82 122 191 226  72
 236 272 262 236 188 193 218 157 123 162 177 119  77   0   0   0   0   0   0  73
   0   0   0   0   0   0   0   0   0   0   0   0   0   0   0   0   0   0   0  74
   0   0   0   0   0   0   0   0   0   0   0   0   0  28  27  72  79 161 176  75
 160 194 144 195 237 215 232 196 189 168 185 207 178 133 196 131   0   0   0  76
   0   0   0   0   0   0   0   0   0   0   0   0   0   0   0   0   0   0   0  77
   0   0   0   0   0   0   0   0   0   0   0   0   0   0   0   0   0  27  67  78
   0  24  13  98 171 176 160 185 220 200 185 154 169 210 226 167 127 122 180  79
 142   0   0   0   0   0   0   0   0   0   0   0   0   0   0   0   0   0   0  80
   0   0   0   0   0   0   0   0   0   0   0   0   0   0   0   0   0   0   0  81
   0   0   0  27  39   0   0  14  62 165 140 161 193 214 183 120 131 195 173  82
 134  83 123 151 101   0   0   0   0   0   0   0   0   0   0   0   0   0   0  83
   0   0   0   0   0   0   0   0   0   0   0   0   0   0   0   0   0   0   0  84
   0   0   0   0   0   0   0   0   0   0   0   0  21  72 131 160 159 206 188  85
 128 113 179 209  93 126  73 109   0   0   0   0   0   0   0   0   0   0   0  86
   0   0   0   0   0   0   0   0   0   0   0   0   0   0   0   0   0   0   0  87
   0   0   0   0   0   0   0   0   0   0   0   0   0   0   0   0   0   0  37  88
 150 138 185 157 163 130 124 122 150 139  98  55   0   0   0   0   0   0   0  89
   0   0   0   0   0   0   0   0   0   0   0   0   0   0   0   0   0   0   0  90
   0   0   0   0   0   0   0   0   0   0   0   0   0   0   0   0   0   0   0  91
   0   0   0   0   0   0  88  15  40   0  65  57  31  37   0   0   0   0   0  92
   0   0   0   0   0   0   0   0   0   0   0   0   0   0   0   0   0   0   0  93
   0   0   0   0   0   0   0   0   0   0   0   0   0   0   0   0   0   0   0  94
   0   0   0   0   0   0   0   0   0   0   0   0   0   0   0   0   0   0   0  95
   0   0   0   0   0   0   0   0   0   0   0   0   0   0   0   0   0   0   0  96
   0   0   0   0   0   0   0   0   0   0   0   0   0   0   0   0   0   0   0  97
   0   0   0   0   0   0   0   0   0   0   0   0   0   0   0   0   0   0   0  98
   0   0   0   0   0   0   0   0   0   0   0   0   0   0   0   0   0   0   0  99
   0   0   0   0   0   0   0   0   0   0   0   0   0   0   0   0   0   0   0 100
   0   0   0   0   0   0   0   0   0   0   0   0   0   0   0   0   0   0   0 101
   0   0   0   0   0   0   0   0   0   0   0   0   0   0   0   0   0   0   0 102
   0   0   0   0   0   0                                                     103
