1456808400000,0.18
1456812000000,0.185
1456815600000,0.354
1456819200000,0.381
1456822800000,0.144
1456826400000,0.099
1456830000000,0.192
1456833600000,0.217
1456837200000,0.168
1456840800000,0.212
1456844400000,0.272
1456848000000,0.326
1456851600000,0.319
1456855200000,0.177
1456858800000,0.166
1456862400000,0.179
1456866000000,0.274
1456869600000,0.366
1456873200000,0.386
1456876800000,0.299
1456880400000,0.30
1456884000000,0.307
1456887600000,0.253
1456891200000,0.206
1456894800000,0.199
1456898400000,0.288
1456902000000,0.373
1456905600000,0.321
1456909200000,0.213
1456912800000,0.162
1456916400000,0.206
