1456790400,98.05
1456791000,98.01
1456791600,98.08
1456792200,97.77
1456792800,97.82
1456793400,97.62
1456794000,97.48
1456794600,97.44
1456795200,97.18
1456795800,97.15
1456796400,97.41
1456797000,97.25
1456797600,97.61
1456798200,97.56
1456798800,97.66
1456799400,97.1
1456800000,97.61
1456800600,97.59
1456801200,97.62
1456801800,97.67
1456802400,97.71
1456803000,97.72
1456803600,97.62
1456804200,97.4
1456804800,97.68
1456805400,97.62
1456806000,97.45
1456806600,97.6
1456807200,97.5
1456807800,97.28
1456808400,97.53
1456809000,97.55
1456809600,97.26
1456810200,97.5
1456810800,97.46
1456811400,97.59
1456812000,97.56
1456812600,97.23
1456813200,97.57
1456813800,97.42
1456814400,97.58
1456815000,97.56
1456815600,97.51
1456816200,97.49
1456816800,97.55
1456817400,97.36
1456818000,97.55
1456818600,97.57
1456819200,97.53
1456819800,97.35
1456820400,97.54
1456821000,97.29
1456821600,97.5
1456822200,97.43
1456822800,97.37
1456823400,97.44
1456824000,97.31
1456824600,97.48
1456825200,97.18
1456825800,97.28
1456826400,97.15
1456827000,97.27
1456827600,97.25
1456828200,97.22
1456828800,97.26
1456829400,97.02
1456830000,96.73
1456830600,96.99
1456831200,97.22
1456831800,97.29
1456832400,97.16
1456833000,97.2
1456833600,97.34
1456834200,97.37
1456834800,97.27
1456835400,97.3
1456836000,97.19
1456836600,97.23
1456837200,97.13
1456837800,97.36
1456838400,97.38
1456839000,97.21
1456839600,97.3
1456840200,97.38
1456840800,97.2
1456841400,97.39
1456842000,97.3
1456842600,97.34
1456843200,97.31
1456843800,97.29
1456844400,97.27
1456845000,97.3
1456845600,97.49
1456846200,97.45
1456846800,97.47
1456847400,97.36
1456848000,97.44
1456848600,97.47
1456849200,97.54
1456849800,97.45
1456850400,97.55
1456851000,97.57
1456851600,97.5
1456852200,97.41
1456852800,97.55
1456853400,97.64
1456854000,97.61
1456854600,97.34
1456855200,97.85
1456855800,97.82
1456856400,97.88
1456857000,97.87
1456857600,97.77
1456858200,97.74
1456858800,97.93
1456859400,97.94
1456860000,97.82
1456860600,98.05
1456861200,97.87
1456861800,97.86
1456862400,97.78
1456863000,97.77
1456863600,97.83
1456864200,97.74
1456864800,97.79
1456865400,97.61
1456866000,97.46
1456866600,97.36
