1456790400,1.59
1456791000,1.63
1456791600,1.67
1456792200,1.68
1456792800,1.67
1456793400,1.66
1456794000,1.64
1456794600,1.61
1456795200,1.58
1456795800,1.56
1456796400,1.56
1456797000,1.55
1456797600,1.55
1456798200,1.56
1456798800,1.56
1456799400,1.57
1456800000,1.58
1456800600,1.58
1456801200,1.59
1456801800,1.59
1456802400,1.59
1456803000,1.59
1456803600,1.58
1456804200,1.58
1456804800,1.58
1456805400,1.57
1456806000,1.57
1456806600,1.55
1456807200,1.55
1456807800,1.55
1456808400,1.54
1456809000,1.54
1456809600,1.53
1456810200,1.52
1456810800,1.52
1456811400,1.5
1456812000,1.5
1456812600,1.49
1456813200,1.49
1456813800,1.49
1456814400,1.48
1456815000,1.47
1456815600,1.48
1456816200,1.48
1456816800,1.47
1456817400,1.46
1456818000,1.45
1456818600,1.45
1456819200,1.45
1456819800,1.44
1456820400,1.44
1456821000,1.43
1456821600,1.42
1456822200,1.42
1456822800,1.43
1456823400,1.43
1456824000,1.42
1456824600,1.43
1456825200,1.43
1456825800,1.43
1456826400,1.44
1456827000,1.45
1456827600,1.45
1456828200,1.45
1456828800,1.45
1456829400,1.44
1456830000,1.43
1456830600,1.43
1456831200,1.43
1456831800,1.42
1456832400,1.43
1456833000,1.41
1456833600,1.41
1456834200,1.39
1456834800,1.4
1456835400,1.39
1456836000,1.38
1456836600,1.38
1456837200,1.38
1456837800,1.37
1456838400,1.36
1456839000,1.36
1456839600,1.36
1456840200,1.35
1456840800,1.35
1456841400,1.33
1456842000,1.32
1456842600,1.31
1456843200,1.32
1456843800,1.33
1456844400,1.32
1456845000,1.32
1456845600,1.3
1456846200,1.3
1456846800,1.29
1456847400,1.31
1456848000,1.3
1456848600,1.29
1456849200,1.29
1456849800,1.28
1456850400,1.27
1456851000,1.27
1456851600,1.27
1456852200,1.26
1456852800,1.26
1456853400,1.25
1456854000,1.24
1456854600,1.24
1456855200,1.24
1456855800,1.23
1456856400,1.23
1456857000,1.23
1456857600,1.22
1456858200,1.22
1456858800,1.22
1456859400,1.22
1456860000,1.21
1456860600,1.22
1456861200,1.23
1456861800,1.23
1456862400,1.23
1456863000,1.23
1456863600,1.22
1456864200,1.22
1456864800,1.22
1456865400,1.22
1456866000,1.2
1456866600,1.2
