1456790400,268.71
1456791000,269.81
1456791600,270.9
1456792200,270.79
1456792800,271.64
1456793400,271.4
1456794000,271.09
1456794600,271.51
1456795200,271.73
1456795800,272.17
1456796400,272.61
1456797000,272.65
1456797600,273.57
1456798200,273.41
1456798800,272.49
1456799400,273.38
1456800000,273.4
1456800600,274.19
1456801200,273.76
1456801800,275.52
1456802400,275.68
1456803000,274.16
1456803600,274.65
1456804200,275.3
1456804800,274.94
1456805400,274.78
1456806000,274.85
1456806600,274.14
1456807200,274.09
1456807800,273.89
1456808400,274.03
1456809000,274.24
1456809600,273.7
1456810200,273.42
1456810800,273.11
1456811400,272.54
1456812000,272.53
1456812600,272.37
1456813200,271.52
1456813800,272.22
1456814400,271.76
1456815000,271.74
1456815600,271.76
1456816200,271.77
1456816800,271.47
1456817400,271.35
1456818000,271.09
1456818600,270.7
1456819200,270.76
1456819800,271.13
1456820400,270.87
1456821000,270.96
1456821600,269.09
1456822200,270.47
1456822800,270.17
1456823400,270.22
1456824000,270.12
1456824600,270.95
1456825200,271.29
1456825800,271.1
1456826400,271.3
1456827000,271.69
1456827600,271.96
1456828200,270.96
1456828800,271.12
1456829400,270.17
1456830000,270.25
1456830600,270.72
1456831200,270.55
1456831800,271.6
1456832400,271.4
1456833000,270.99
1456833600,270.96
1456834200,270.36
1456834800,270.67
1456835400,269.95
1456836000,269.5
1456836600,269.23
1456837200,269.46
1456837800,269.41
1456838400,268.99
1456839000,268.96
1456839600,268.1
1456840200,268.22
1456840800,268.74
1456841400,267.84
1456842000,265.55
1456842600,265.01
1456843200,263.58
1456843800,263.37
1456844400,264.24
1456845000,263.26
1456845600,263.0
1456846200,262.36
1456846800,262.34
1456847400,262.61
1456848000,262.4
1456848600,262.12
1456849200,262.6
1456849800,262.44
1456850400,261.47
1456851000,260.9
1456851600,260.07
1456852200,260.73
1456852800,259.44
1456853400,258.52
1456854000,258.38
1456854600,257.62
1456855200,256.64
1456855800,256.24
1456856400,255.86
1456857000,255.31
1456857600,254.99
1456858200,254.7
1456858800,254.06
1456859400,253.79
1456860000,253.12
1456860600,253.47
1456861200,254.27
1456861800,254.86
1456862400,254.48
1456863000,253.73
1456863600,254.02
1456864200,253.5
1456864800,253.68
1456865400,255.74
1456866000,254.39
1456866600,251.07
