1456790400,58.83
1456791000,65.8
1456791600,80.99
1456792200,72.28
1456792800,84.99
1456793400,68.42
1456794000,83.09
1456794600,76.95
1456795200,80.87
1456795800,81.69
1456796400,72.14
1456797000,77.29
1456797600,73.5
1456798200,151.66
1456798800,78.0
1456799400,78.34
1456800000,89.41
1456800600,78.94
1456801200,84.18
1456801800,69.89
1456802400,73.32
1456803000,71.23
1456803600,78.03
1456804200,71.83
1456804800,88.13
1456805400,77.86
1456806000,75.89
1456806600,66.97
1456807200,85.35
1456807800,110.17
1456808400,87.41
1456809000,101.44
1456809600,83.1
1456810200,112.75
1456810800,84.53
1456811400,92.77
1456812000,78.62
1456812600,75.98
1456813200,74.21
1456813800,97.95
1456814400,65.24
1456815000,75.11
1456815600,111.48
1456816200,83.6
1456816800,73.89
1456817400,82.5
1456818000,67.16
1456818600,68.81
1456819200,77.2
1456819800,74.45
1456820400,88.06
1456821000,75.15
1456821600,67.52
1456822200,81.98
1456822800,73.03
1456823400,73.12
1456824000,62.3
1456824600,65.66
1456825200,57.27
1456825800,61.69
1456826400,58.71
1456827000,65.22
1456827600,64.94
1456828200,67.01
1456828800,73.44
1456829400,65.91
1456830000,49.58
1456830600,58.79
1456831200,57.48
1456831800,52.77
1456832400,58.85
1456833000,51.07
1456833600,41.86
1456834200,46.06
1456834800,59.16
1456835400,49.69
1456836000,43.62
1456836600,51.01
1456837200,40.28
1456837800,51.38
1456838400,43.68
1456839000,44.26
1456839600,43.24
1456840200,44.76
1456840800,49.46
1456841400,38.88
1456842000,40.81
1456842600,38.69
1456843200,45.43
1456843800,40.06
1456844400,40.79
1456845000,39.1
1456845600,45.08
1456846200,37.46
1456846800,41.2
1456847400,50.14
1456848000,42.94
1456848600,38.7
1456849200,41.21
1456849800,37.78
1456850400,41.88
1456851000,31.81
1456851600,36.19
1456852200,36.24
1456852800,39.33
1456853400,33.09
1456854000,33.77
1456854600,31.8
1456855200,45.46
1456855800,36.14
1456856400,46.23
1456857000,32.53
1456857600,33.99
1456858200,36.34
1456858800,37.11
1456859400,41.93
1456860000,34.2
1456860600,36.88
1456861200,45.37
1456861800,39.33
1456862400,37.54
1456863000,40.46
1456863600,39.53
1456864200,37.5
1456864800,50.2
1456865400,38.79
1456866000,39.4
1456866600,45.7
