1456790400,13.7
1456791000,13.68
1456791600,13.68
1456792200,13.63
1456792800,13.64
1456793400,13.62
1456794000,13.6
1456794600,13.61
1456795200,13.58
1456795800,13.59
1456796400,13.62
1456797000,13.6
1456797600,13.66
1456798200,13.65
1456798800,13.66
1456799400,13.58
1456800000,13.65
1456800600,13.64
1456801200,13.64
1456801800,13.65
1456802400,13.66
1456803000,13.66
1456803600,13.65
1456804200,13.62
1456804800,13.66
1456805400,13.65
1456806000,13.63
1456806600,13.66
1456807200,13.64
1456807800,13.61
1456808400,13.65
1456809000,13.65
1456809600,13.61
1456810200,13.65
1456810800,13.65
1456811400,13.67
1456812000,13.67
1456812600,13.62
1456813200,13.67
1456813800,13.65
1456814400,13.68
1456815000,13.68
1456815600,13.67
1456816200,13.67
1456816800,13.68
1456817400,13.65
1456818000,13.68
1456818600,13.69
1456819200,13.68
1456819800,13.66
1456820400,13.69
1456821000,13.66
1456821600,13.69
1456822200,13.68
1456822800,13.67
1456823400,13.68
1456824000,13.66
1456824600,13.68
1456825200,13.64
1456825800,13.65
1456826400,13.63
1456827000,13.65
1456827600,13.64
1456828200,13.64
1456828800,13.65
1456829400,13.61
1456830000,13.58
1456830600,13.61
1456831200,13.65
1456831800,13.66
1456832400,13.64
1456833000,13.65
1456833600,13.67
1456834200,13.68
1456834800,13.66
1456835400,13.67
1456836000,13.66
1456836600,13.67
1456837200,13.65
1456837800,13.69
1456838400,13.7
1456839000,13.67
1456839600,13.69
1456840200,13.7
1456840800,13.67
1456841400,13.71
1456842000,13.7
1456842600,13.71
1456843200,13.7
1456843800,13.7
1456844400,13.69
1456845000,13.7
1456845600,13.73
1456846200,13.73
1456846800,13.73
1456847400,13.71
1456848000,13.73
1456848600,13.73
1456849200,13.75
1456849800,13.74
1456850400,13.75
1456851000,13.76
1456851600,13.75
1456852200,13.74
1456852800,13.76
1456853400,13.77
1456854000,13.77
1456854600,13.73
1456855200,13.81
1456855800,13.81
1456856400,13.82
1456857000,13.82
1456857600,13.8
1456858200,13.8
1456858800,13.83
1456859400,13.83
1456860000,13.81
1456860600,13.84
1456861200,13.81
1456861800,13.81
1456862400,13.8
1456863000,13.8
1456863600,13.81
1456864200,13.8
1456864800,13.81
1456865400,13.78
1456866000,13.77
1456866600,13.76
