1456790400,0.64
1456791000,0.66
1456791600,0.64
1456792200,0.66
1456792800,0.65
1456793400,0.65
1456794000,0.67
1456794600,0.67
1456795200,0.68
1456795800,0.7
1456796400,0.65
1456797000,0.64
1456797600,0.64
1456798200,0.66
1456798800,0.65
1456799400,0.65
1456800000,0.66
1456800600,0.68
1456801200,0.63
1456801800,0.71
1456802400,0.67
1456803000,0.66
1456803600,0.65
1456804200,0.62
1456804800,0.67
1456805400,0.63
1456806000,0.69
1456806600,0.63
1456807200,0.64
1456807800,0.68
1456808400,0.7
1456809000,0.67
1456809600,0.69
1456810200,0.7
1456810800,0.72
1456811400,0.63
1456812000,0.69
1456812600,0.7
1456813200,0.68
1456813800,0.64
1456814400,0.66
1456815000,0.64
1456815600,0.69
1456816200,0.67
1456816800,0.66
1456817400,0.65
1456818000,0.65
1456818600,0.6
1456819200,0.64
1456819800,0.65
1456820400,0.68
1456821000,0.64
1456821600,0.61
1456822200,0.67
1456822800,0.64
1456823400,0.59
1456824000,0.6
1456824600,0.63
1456825200,0.59
1456825800,0.61
1456826400,0.63
1456827000,0.65
1456827600,0.65
1456828200,0.63
1456828800,0.6
1456829400,0.6
1456830000,0.6
1456830600,0.59
1456831200,0.57
1456831800,0.59
1456832400,0.59
1456833000,0.58
1456833600,0.58
1456834200,0.57
1456834800,0.54
1456835400,0.53
1456836000,0.53
1456836600,0.56
1456837200,0.54
1456837800,0.52
1456838400,0.52
1456839000,0.54
1456839600,0.53
1456840200,0.51
1456840800,0.55
1456841400,0.54
1456842000,0.54
1456842600,0.49
1456843200,0.54
1456843800,0.54
1456844400,0.53
1456845000,0.54
1456845600,0.52
1456846200,0.49
1456846800,0.51
1456847400,0.53
1456848000,0.53
1456848600,0.53
1456849200,0.55
1456849800,0.52
1456850400,0.54
1456851000,0.53
1456851600,0.52
1456852200,0.51
1456852800,0.53
1456853400,0.5
1456854000,0.53
1456854600,0.52
1456855200,0.5
1456855800,0.52
1456856400,0.54
1456857000,0.54
1456857600,0.53
1456858200,0.53
1456858800,0.52
1456859400,0.6
1456860000,0.58
1456860600,0.59
1456861200,0.58
1456861800,0.61
1456862400,0.56
1456863000,0.58
1456863600,0.56
1456864200,0.57
1456864800,0.54
1456865400,0.57
1456866000,0.59
1456866600,0.56
