1456790400,8.18
1456791000,8.17
1456791600,8.18
1456792200,8.17
1456792800,8.17
1456793400,8.17
1456794000,8.17
1456794600,8.16
1456795200,8.17
1456795800,8.17
1456796400,8.17
1456797000,8.15
1456797600,8.17
1456798200,8.17
1456798800,8.16
1456799400,8.16
1456800000,8.16
1456800600,8.15
1456801200,8.16
1456801800,8.16
1456802400,8.15
1456803000,8.16
1456803600,8.15
1456804200,8.16
1456804800,8.15
1456805400,8.15
1456806000,8.16
1456806600,8.16
1456807200,8.16
1456807800,8.15
1456808400,8.16
1456809000,8.16
1456809600,8.16
1456810200,8.16
1456810800,8.16
1456811400,8.16
1456812000,8.16
1456812600,8.17
1456813200,8.16
1456813800,8.17
1456814400,8.16
1456815000,8.17
1456815600,8.16
1456816200,8.17
1456816800,8.16
1456817400,8.17
1456818000,8.17
1456818600,8.17
1456819200,8.17
1456819800,8.17
1456820400,8.17
1456821000,8.17
1456821600,8.17
1456822200,8.17
1456822800,8.16
1456823400,8.18
1456824000,8.18
1456824600,8.17
1456825200,8.17
1456825800,8.17
1456826400,8.17
1456827000,8.17
1456827600,8.16
1456828200,8.17
1456828800,8.17
1456829400,8.16
1456830000,8.17
1456830600,8.17
1456831200,8.17
1456831800,8.16
1456832400,8.17
1456833000,8.17
1456833600,8.16
1456834200,8.17
1456834800,8.17
1456835400,8.18
1456836000,8.17
1456836600,8.18
1456837200,8.18
1456837800,8.17
1456838400,8.18
1456839000,8.18
1456839600,8.18
1456840200,8.18
1456840800,8.18
1456841400,8.18
1456842000,8.189999
1456842600,8.18
1456843200,8.18
1456843800,8.18
1456844400,8.18
1456845000,8.189999
1456845600,8.189999
1456846200,8.189999
1456846800,8.189999
1456847400,8.189999
1456848000,8.189999
1456848600,8.189999
1456849200,8.189999
1456849800,8.2
1456850400,8.2
1456851000,8.21
1456851600,8.21
1456852200,8.21
1456852800,8.21
1456853400,8.21
1456854000,8.22
1456854600,8.229999
1456855200,8.2
1456855800,8.22
1456856400,8.229999
1456857000,8.229999
1456857600,8.24
1456858200,8.24
1456858800,8.24
1456859400,8.24
1456860000,8.24
1456860600,8.24
1456861200,8.229999
1456861800,8.24
1456862400,8.22
1456863000,8.22
1456863600,8.229999
1456864200,8.22
1456864800,8.24
1456865400,8.22
1456866000,8.22
1456866600,8.21
