1456808400000,0.837
1456812000000,0.863
1456815600000,0.847
1456819200000,0.871
1456822800000,0.863
1456826400000,0.772
1456830000000,0.758
1456833600000,0.848
1456837200000,0.822
1456840800000,0.856
1456844400000,0.853
1456848000000,0.924
1456851600000,0.924
1456855200000,0.931
1456858800000,0.964
1456862400000,0.976
1456866000000,0.971
1456869600000,0.98
1456873200000,0.956
1456876800000,0.96
1456880400000,0.953
1456884000000,0.891
1456887600000,0.864
1456891200000,0.749
1456894800000,0.665
1456898400000,0.73
1456902000000,0.649
1456905600000,0.611
1456909200000,0.637
1456912800000,0.729
1456916400000,0.784
1456920000000,0.827
1456923600000,0.872
1456927200000,0.863
1456930800000,0.868
1456934400000,0.837
1456938000000,0.775
