1456808400000,0.218
1456812000000,0.218
1456815600000,0.248
1456819200000,0.197
1456822800000,0.194
1456826400000,0.146
1456830000000,0.112
1456833600000,0.205
1456837200000,0.164
1456840800000,0.257
1456844400000,0.218
1456848000000,0.238
1456851600000,0.203
1456855200000,0.144
1456858800000,0.191
1456862400000,0.182
1456866000000,0.28
1456869600000,0.238
1456873200000,0.249
1456876800000,0.221
1456880400000,0.158
1456884000000,0.21
1456887600000,0.135
1456891200000,0.169
1456894800000,0.175
1456898400000,0.216
1456902000000,0.198
1456905600000,0.21
1456909200000,0.176
1456912800000,0.116
1456916400000,0.155
1456920000000,0.161
1456923600000,0.161
1456927200000,0.221
1456930800000,0.20
1456934400000,0.193
1456938000000,0.155
