1456808400000,0.805
1456812000000,0.812
1456815600000,0.743
1456819200000,0.731
1456822800000,0.758
1456826400000,0.731
1456830000000,0.773
1456833600000,0.795
1456837200000,0.734
1456840800000,0.706
1456844400000,0.635
1456848000000,0.652
1456851600000,0.703
1456855200000,0.774
1456858800000,0.789
1456862400000,0.778
1456866000000,0.732
1456869600000,0.735
1456873200000,0.795
1456876800000,0.849
1456880400000,0.897
1456884000000,0.866
1456887600000,0.852
1456891200000,0.84
1456894800000,0.851
1456898400000,0.912
1456902000000,0.903
1456905600000,0.838
1456909200000,0.769
1456912800000,0.677
1456916400000,0.642
1456920000000,0.675
1456923600000,0.684
1456927200000,0.72
1456930800000,0.743
1456934400000,0.70
1456938000000,0.701
