1456808400000,0.766
1456812000000,0.702
1456815600000,0.736
1456819200000,0.645
1456822800000,0.695
1456826400000,0.716
1456830000000,0.685
1456833600000,0.72
1456837200000,0.617
1456840800000,0.552
1456844400000,0.556
1456848000000,0.601
1456851600000,0.617
1456855200000,0.68
1456858800000,0.644
1456862400000,0.632
1456866000000,0.611
1456869600000,0.674
1456873200000,0.733
1456876800000,0.727
1456880400000,0.725
1456884000000,0.669
1456887600000,0.676
1456891200000,0.696
1456894800000,0.684
1456898400000,0.739
1456902000000,0.762
1456905600000,0.647
1456909200000,0.656
1456912800000,0.598
1456916400000,0.589
1456920000000,0.581
1456923600000,0.672
1456927200000,0.655
1456930800000,0.67
1456934400000,0.67
1456938000000,0.644
