1423864800,8.39
1423869000,8.41
1423870200,8.4
1423870800,8.36
1423871400,8.38
1423872000,8.38
1423872600,8.38
1423873200,8.38
1423873800,8.39
1423874400,8.39
1423875000,8.37
1423875600,8.39
1423876200,8.37
1423876800,8.38
1423877400,8.4
1423878000,8.4
1423878600,8.4
1423879200,8.41
1423879800,8.41
1423880400,8.41
1423881000,8.41
1423881600,8.38
1423882200,8.4
1423882800,8.39
1423883400,8.39
1423884000,8.4
1423884600,8.43
1423885200,8.48
1423885800,8.48
1423886400,8.5
1423887000,8.49
1423887600,8.51
1423888200,8.5
1423888800,8.51
1423889400,8.47
1423890000,8.49
1423890600,8.5
1423891200,8.52
1423891800,8.52
1423892400,8.51
1423893000,8.49
1423893600,8.48
1423894200,8.48
1423894800,8.49
1423895400,8.48
1423896000,8.47
1423896600,8.44
1423897200,8.41
1423897800,8.41
1423898400,8.4
1423899000,8.41
1423899600,8.39
1423902000,8.41
1423902600,8.43
1423903200,8.45
1423903800,8.45
1423904400,8.46
1423905000,8.45
1423905600,8.44
1423906200,8.46
1423906800,8.46
1423907400,8.46
1423908000,8.49
1423908600,8.48
1423909200,8.48
1423909800,8.5
1423910400,8.5
1423911000,8.53
1423911600,8.51
1423912200,8.52
1423912800,8.51
1423913400,8.5
1423914000,8.5
1423914600,8.5
1423915200,8.52
1423915800,8.53
1423916400,8.54
1423917000,8.56
1423917600,8.53
1423918200,8.54
1423918800,8.53
1423919400,8.56
1423920000,8.56
1423920600,8.55
1423921200,8.54
1423921800,8.53
1423922400,8.51
1423923000,8.46
1423923600,8.5
1423924200,8.49
1423924800,8.46
1423925400,8.51
1423926000,8.49
1423926600,8.48
1423927200,8.48
1423927800,8.48
1423928400,8.48
1423929000,8.47
1423929600,8.48
1423930200,8.48
1423930800,8.48
1423931400,8.48
1423932000,8.49
1423932600,8.5
1423933200,8.51
1423933800,8.51
1423934400,8.51
1423935000,8.54
1423935600,8.53
1423936200,8.52
1423936800,8.53
1423937400,8.55
1423938000,8.54
1423938600,8.57
1423939200,8.58
1423939800,8.59
1423940400,8.62
1423941000,8.63
1423941600,8.6
1423942200,8.57
1423942800,8.55
1423943400,8.58
1423944000,8.61
1423944600,8.6
1423945200,8.56
1423945800,8.53
1423946400,8.5
1423947000,8.49
1423947600,8.52
1423948200,8.52
1423948800,8.52
1423949400,8.49
1423950000,8.49
1423950600,8.52
1423951200,8.49
1423951800,8.52
1423952400,8.5
1423953000,8.48
1423953600,8.48
1423954200,8.49
1423954800,8.44
1423955400,8.46
1423956000,8.5
1423956600,8.47
1423957200,8.47
1423957800,8.49
1423958400,8.52
1423959000,8.51
1423959600,8.52
1423960200,8.52
1423960800,8.48
1423961400,8.49
1423962000,8.48
1423962600,8.46
1423963200,8.45
1423963800,8.45
1423964400,8.47
1423965000,8.45
1423965600,8.46
1423966200,8.44
1423966800,8.42
1423967400,8.46
1423968000,8.45
1423968600,8.45
1423969200,8.45
1423969800,8.43
1423970400,8.46
1423971000,8.44
1423971600,8.44
1423972200,8.45
1423972800,8.47
1423973400,8.46
1423974000,8.45
1423974600,8.46
1423975200,8.49
1423975800,8.5
1423976400,8.48
1423977000,8.5
1423977600,8.52
1423978200,8.52
1423978800,8.52
1423979400,8.52
1423980000,8.53
1423980600,8.53
1423981200,8.52
1423981800,8.54
1423982400,8.54
1423983000,8.53
1423983600,8.51
1423984200,8.48
1423984800,8.48
1423985400,8.5
1423986000,8.47
1423986600,8.48
1423987200,8.47
1423987800,8.52
1423988400,8.51
1423989000,8.49
1423989600,8.52
1423990200,8.53
1423990800,8.52
1423991400,8.51
1423992000,8.54
1423992600,8.55
1423993200,8.56
1423993800,8.58
1423994400,8.6
1423995000,8.61
1423995600,8.62
1423996200,8.64
1423996800,8.66
1423997400,8.62
1423998000,8.56
1423998600,8.57
1423999200,8.57
1423999800,8.58
1424000400,8.57
1424001000,8.59
1424001600,8.58
1424002200,8.57
1424002800,8.54
1424003400,8.57
1424004000,8.54
1424004600,8.51
1424005200,8.49
1424005800,8.49
1424006400,8.49
1424007000,8.47
1424007600,8.5
1424008200,8.5
1424008800,8.51
1424009400,8.49
1424010000,8.47
1424010600,8.47
1424011200,8.49
1424011800,8.5
1424012400,8.54
1424013000,8.53
1424013600,8.53
1424014200,8.51
1424014800,8.48
1424015400,8.44
1424016000,8.41
1424016600,8.44
1424017200,8.47
1424017800,8.48
1424018400,8.52
1424019000,8.53
1424019600,8.5
1424020200,8.49
1424020800,8.47
1424021400,8.46
1424022000,8.46
1424022600,8.46
1424023200,8.47
1424023800,8.45
1424024400,8.46
1424025000,8.48
1424025600,8.49
1424026200,8.47
1424026800,8.44
1424027400,8.47
1424028000,8.48
1424028600,8.48
1424029200,8.48
1424029800,8.49
1424030400,8.48
1424031000,8.48
1424031600,8.49
1424032200,8.5
1424032800,8.55
1424033400,8.54
1424034000,8.53
1424034600,8.55
1424035200,8.54
1424035800,8.52
1424036400,8.52
1424037000,8.54
1424037600,8.55
1424038200,8.57
1424038800,8.55
1424039400,8.56
1424040000,8.57
1424040600,8.59
1424041200,8.59
1424041800,8.58
1424042400,8.57
1424043000,8.57
1424043600,8.58
1424044200,8.57
1424044800,8.57
1424045400,8.54
1424046000,8.52
1424046600,8.53
1424047200,8.54
1424047800,8.53
1424048400,8.54
1424049000,8.54
1424049600,8.53
1424050200,8.53
1424050800,8.53
1424051400,8.54
1424052000,8.53
1424052600,8.52
1424053200,8.5
1424053800,8.52
1424054400,8.55
1424055000,8.55
1424055600,8.53
1424056200,8.52
1424056800,8.53
1424057400,8.55
1424058000,8.54
1424058600,8.56
1424059200,8.55
1424059800,8.55
1424060400,8.53
1424061000,8.55
1424061600,8.58
1424062200,8.58
1424062800,8.56
1424063400,8.54
1424064000,8.55
1424064600,8.55
1424065200,8.51
1424065800,8.5
1424066400,8.5
1424067000,8.49
1424067600,8.47
1424068200,8.46
1424068800,8.47
1424069400,8.48
1424070000,8.48
1424070600,8.51
1424071200,8.51
1424071800,8.52
1424072400,8.52
1424073000,8.52
1424073600,8.55
1424074200,8.54
1424074800,8.56
1424075400,8.54
1424076000,8.52
1424076600,8.54
1424077200,8.55
1424077800,8.55
1424078400,8.54
1424079000,8.54
1424079600,8.51
1424080200,8.51
1424080800,8.52
1424081400,8.52
1424082000,8.5
1424082600,8.48
1424083200,8.47
1424083800,8.47
1424084400,8.47
1424085000,8.45
1424085600,8.46
1424086200,8.45
1424086800,8.46
1424087400,8.48
1424088000,8.49
1424088600,8.5
1424089200,8.53
1424089800,8.53
1424090400,8.54
1424091000,8.55
1424091600,8.55
1424092200,8.54
1424092800,8.52
1424093400,8.54
1424094000,8.54
1424094600,8.55
1424095200,8.57
1424095800,8.58
1424096400,8.58
1424097000,8.57
1424097600,8.59
1424098200,8.58
1424098800,8.54
1424099400,8.54
1424100000,8.53
1424100600,8.53
1424101200,8.5
1424101800,8.49
1424102400,8.5
1424103000,8.5
1424103600,8.49
1424104200,8.51
1424104800,8.51
1424105400,8.51
1424106000,8.54
1424106600,8.52
1424107200,8.52
1424107800,8.51
1424108400,8.51
1424109000,8.52
1424109600,8.53
1424110200,8.52
1424110800,8.53
1424111400,8.52
1424112000,8.52
1424112600,8.52
1424113200,8.5
1424113800,8.51
1424114400,8.52
1424115000,8.53
1424115600,8.54
1424116200,8.51
1424116800,8.52
1424117400,8.53
1424118000,8.54
1424118600,8.54
1424119200,8.53
1424119800,8.49
1424120400,8.49
1424121000,8.49
1424121600,8.48
1424122200,8.48
1424122800,8.49
1424123400,8.5
1424124000,8.5
1424124600,8.49
1424125200,8.47
1424125800,8.48
1424126400,8.5
1424127000,8.49
1424127600,8.47
1424128200,8.48
1424128800,8.48
1424129400,8.48
1424130000,8.46
1424130600,8.47
1424131200,8.46
1424131800,8.47
1424132400,8.47
1424133000,8.47
1424133600,8.46
1424134200,8.49
1424134800,8.49
1424135400,8.49
1424136000,8.48
1424136600,8.47
1424137200,8.47
1424137800,8.48
1424138400,8.48
1424139000,8.48
1424139600,8.49
1424140200,8.5
1424140800,8.5
1424141400,8.5
1424142000,8.49
1424142600,8.48
1424143200,8.47
1424143800,8.46
1424144400,8.46
1424145000,8.44
1424145600,8.41
1424146200,8.43
1424146800,8.41
1424147400,8.42
1424148000,8.43
1424148600,8.43
1424149200,8.44
1424149800,8.43
1424150400,8.43
1424151000,8.42
1424151600,8.43
1424152200,8.42
1424152800,8.41
1424153400,8.41
1424154000,8.41
1424154600,8.42
1424155200,8.4
1424155800,8.38
1424156400,8.41
1424157000,8.4
1424157600,8.39
1424158200,8.4
1424158800,8.43
1424159400,8.43
1424160000,8.43
1424160600,8.39
1424161200,8.4
1424161800,8.4
1424162400,8.39
1424163000,8.4
1424163600,8.4
1424164200,8.42
1424164800,8.42
1424165400,8.43
1424166000,8.4
1424166600,8.4
1424167200,8.41
1424167800,8.41
1424168400,8.42
1424169000,8.43
1424169600,8.44
1424170200,8.44
1424170800,8.44
1424171400,8.43
1424172000,8.41
1424172600,8.42
1424173200,8.43
1424173800,8.44
1424174400,8.44
1424175000,8.43
1424175600,8.42
1424176200,8.43
1424176800,8.43
1424177400,8.43
1424178000,8.43
1424178600,8.42
1424179200,8.42
1424179800,8.43
1424180400,8.43
1424181000,8.43
1424181600,8.43
1424182200,8.43
1424182800,8.44
1424183400,8.43
1424184000,8.44
1424184600,8.45
1424185200,8.47
1424185800,8.45
1424186400,8.45
1424187000,8.44
1424187600,8.45
1424188200,8.44
1424188800,8.42
1424189400,8.41
1424190000,8.4
1424190600,8.39
1424191200,8.39
1424191800,8.41
1424192400,8.4
1424193000,8.39
1424193600,8.4
1424194200,8.41
1424194800,8.41
1424195400,8.4
1424196000,8.4
1424196600,8.4
1424197200,8.38
1424197800,8.37
1424198400,8.36
1424199000,8.38
1424199600,8.39
1424200200,8.38
1424200800,8.39
1424201400,8.39
1424202000,8.38
1424202600,8.37
1424203200,8.37
1424203800,8.38
1424204400,8.36
1424205000,8.36
1424205600,8.37
1424206200,8.38
1424206800,8.37
1424207400,8.37
1424208000,8.39
1424208600,8.38
1424209200,8.35
1424209800,8.35
1424210400,8.36
1424211000,8.37
1424211600,8.38
1424212200,8.37
1424212800,8.36
1424213400,8.38
1424214000,8.37
1424214600,8.38
1424215200,8.39
1424215800,8.39
1424216400,8.4
1424217000,8.39
1424217600,8.38
1424218200,8.39
1424218800,8.39
1424219400,8.38
1424220000,8.4
1424220600,8.4
1424221200,8.42
1424221800,8.43
1424222400,8.42
1424223000,8.38
1424223600,8.36
1424224200,8.38
1424224800,8.38
1424225400,8.39
1424226000,8.4
1424226600,8.41
1424227200,8.4
1424227800,8.4
1424228400,8.4
1424229000,8.4
1424229600,8.39
1424230200,8.38
1424230800,8.38
1424231400,8.38
1424232000,8.37
1424232600,8.37
1424233200,8.36
1424233800,8.37
1424234400,8.37
1424235000,8.36
1424235600,8.33
1424236200,8.33
1424236800,8.34
1424237400,8.35
1424238000,8.35
1424238600,8.34
1424239200,8.35
1424239800,8.36
1424240400,8.35
1424241000,8.35
1424241600,8.36
1424242200,8.38
1424242800,8.37
1424243400,8.36
1424244000,8.36
1424244600,8.35
1424245200,8.33
1424245800,8.34
1424246400,8.33
1424247000,8.33
1424247600,8.31
1424248200,8.31
1424248800,8.3
1424249400,8.32
1424250000,8.32
1424250600,8.34
1424251200,8.32
1424251800,8.32
1424252400,8.33
1424253000,8.31
1424253600,8.31
1424254200,8.32
1424254800,8.31
1424255400,8.32
1424256000,8.33
1424256600,8.33
1424257200,8.33
1424257800,8.34
1424258400,8.36
1424259000,8.34
1424259600,8.33
1424260200,8.34
1424260800,8.34
1424261400,8.35
1424262000,8.36
1424262600,8.36
1424263200,8.35
1424263800,8.35
1424264400,8.37
1424265000,8.4
1424265600,8.39
1424266200,8.37
1424266800,8.38
1424267400,8.37
1424268000,8.38
1424268600,8.36
1424269200,8.35
1424269800,8.36
1424270400,8.35
1424271000,8.34
1424271600,8.33
1424272200,8.32
1424272800,8.33
1424273400,8.34
1424274000,8.33
1424274600,8.33
1424275200,8.32
1424275800,8.32
1424276400,8.32
1424277000,8.34
1424277600,8.32
1424278200,8.32
1424278800,8.33
1424279400,8.33
1424280000,8.33
1424280600,8.32
1424281200,8.31
1424281800,8.3
1424282400,8.32
1424283000,8.33
1424283600,8.34
1424284200,8.35
1424284800,8.35
1424285400,8.37
1424286000,8.37
1424286600,8.37
1424287200,8.37
1424287800,8.37
1424288400,8.36
1424289000,8.36
1424289600,8.38
1424290200,8.38
1424290800,8.38
1424291400,8.37
1424292000,8.37
1424292600,8.36
1424293200,8.34
1424293800,8.33
1424294400,8.33
1424295000,8.34
1424295600,8.35
1424296200,8.37
1424296800,8.37
1424297400,8.38
1424298000,8.38
1424298600,8.38
1424299200,8.38
1424299800,8.38
1424300400,8.37
1424301000,8.35
1424301600,8.35
1424302200,8.35
1424302800,8.33
1424303400,8.34
1424304000,8.36
1424304600,8.38
1424305200,8.38
1424305800,8.37
1424306400,8.36
1424307000,8.37
1424307600,8.37
1424308200,8.37
1424308800,8.37
1424309400,8.38
1424310000,8.41
1424310600,8.43
1424311200,8.44
1424311800,8.43
1424312400,8.43
1424313000,8.44
1424313600,8.44
1424314200,8.42
1424314800,8.39
1424315400,8.39
1424316000,8.41
1424316600,8.39
1424317200,8.41
1424317800,8.4
1424318400,8.36
1424319000,8.31
1424319600,8.29
1424320200,8.33
1424320800,8.37
1424321400,8.4
1424322000,8.39
1424322600,8.39
1424323200,8.39
1424323800,8.4
1424324400,8.4
1424325000,8.39
1424325600,8.37
1424326200,8.36
1424326800,8.35
1424327400,8.36
1424328000,8.4
1424328600,8.39
1424329200,8.39
1424329800,8.4
1424330400,8.43
1424331000,8.4
1424331600,8.39
1424332200,8.37
1424332800,8.35
1424333400,8.36
1424334000,8.36
1424334600,8.34
1424335200,8.36
1424335800,8.4
1424336400,8.42
1424337000,8.42
1424337600,8.38
1424338200,8.35
1424338800,8.35
1424339400,8.33
1424340000,8.33
1424340600,8.35
1424341200,8.38
1424341800,8.37
1424342400,8.32
1424343000,8.36
1424343600,8.38
1424344200,8.38
1424344800,8.37
1424345400,8.34
1424346000,8.38
1424346600,8.38
1424347200,8.38
1424347800,8.38
1424348400,8.41
1424349000,8.41
1424349600,8.43
1424350200,8.32
1424350800,8.38
1424351400,8.41
1424352000,8.42
1424352600,8.4
1424353200,8.41
1424353800,8.39
1424354400,8.4
1424355000,8.4
1424355600,8.36
1424356200,8.41
1424356800,8.41
1424357400,8.41
1424358000,8.41
1424358600,8.42
1424359200,8.38
1424359800,8.39
1424360400,8.38
1424361000,8.38
1424361600,8.39
1424362200,8.41
1424362800,8.36
1424363400,8.43
1424364000,8.42
1424364600,8.41
1424365200,8.43
1424365800,8.43
1424366400,8.45
1424367000,8.42
1424367600,8.42
1424368200,8.45
1424368800,8.47
1424369400,8.45
1424370000,8.46
1424370600,8.45
1424371200,8.44
1424371800,8.45
1424372400,8.46
1424373000,8.45
1424373600,8.44
1424374200,8.45
1424374800,8.42
1424375400,8.43
1424376000,8.42
1424376600,8.47
1424377200,8.48
1424377800,8.47
1424378400,8.41
1424379000,8.4
1424379600,8.38
1424380200,8.41
1424380800,8.43
1424381400,8.42
1424382000,8.43
1424382600,8.44
1424383200,8.44
1424383800,8.44
1424384400,8.43
1424385000,8.45
1424385600,8.43
1424386200,8.45
1424386800,8.43
1424387400,8.45
1424388000,8.45
1424388600,8.45
1424389200,8.47
1424389800,8.48
1424390400,8.45
1424391000,8.46
1424391600,8.44
1424392200,8.44
1424392800,8.45
1424393400,8.46
1424394000,8.48
1424394600,8.48
1424395200,8.47
1424395800,8.49
1424396400,8.49
1424397000,8.48
1424397600,8.49
1424398200,8.51
1424398800,8.51
1424399400,8.54
1424400000,8.53
1424400600,8.52
1424401200,8.53
1424401800,8.52
1424402400,8.54
1424403000,8.58
1424403600,8.6
1424404200,8.59
1424404800,8.61
1424405400,8.6
1424406000,8.56
1424406600,8.51
1424407200,8.5
1424407800,8.5
1424408400,8.53
1424409000,8.53
1424409600,8.55
1424410200,8.56
1424410800,8.55
1424411400,8.56
1424412000,8.55
1424412600,8.55
1424413200,8.53
1424413800,8.54
1424414400,8.55
1424415000,8.56
1424415600,8.56
1424416200,8.55
1424416800,8.54
1424417400,8.51
1424418000,8.51
1424418600,8.51
1424419200,8.54
1424419800,8.54
1424420400,8.53
1424421000,8.54
1424421600,8.55
1424422200,8.54
1424422800,8.52
1424423400,8.52
1424424000,8.52
1424424600,8.52
1424425200,8.51
1424425800,8.48
1424426400,8.46
1424427000,8.47
1424427600,8.47
1424428200,8.48
1424428800,8.51
1424429400,8.5
1424430000,8.53
1424430600,8.53
1424431200,8.52
1424431800,8.52
1424432400,8.5
1424433000,8.51
1424433600,8.5
1424434200,8.52
1424434800,8.5
1424435400,8.49
1424436000,8.49
1424436600,8.51
1424437200,8.53
1424437800,8.52
1424438400,8.52
1424439000,8.54
1424439600,8.55
1424440200,8.54
1424440800,8.56
1424441400,8.56
1424442000,8.58
1424442600,8.57
1424443200,8.58
1424443800,8.58
1424444400,8.61
1424445000,8.62
1424445600,8.64
1424446200,8.66
1424446800,8.62
1424447400,8.63
1424448000,8.63
1424448600,8.61
1424449200,8.64
1424449800,8.65
1424450400,8.66
1424451000,8.66
1424451600,8.64
1424452200,8.65
1424452800,8.65
1424453400,8.67
1424454000,8.64
1424454600,8.61
1424455200,8.6
1424455800,8.59
1424456400,8.59
1424457000,8.59
1424457600,8.59
1424458200,8.59
1424458800,8.59
1424459400,8.59
1424460000,8.57
1424460600,8.55
1424461200,8.55
1424461800,8.55
1424462400,8.53
1424463000,8.53
1424463600,8.54
1424464200,8.55
1424464800,8.55
1424465400,8.58
1424466000,8.58
1424466600,8.58
1424467200,8.59
1424467800,8.62
1424468400,8.61
1424469000,8.6
1424469600,8.6
1424470200,8.59
1424470800,8.57
1424471400,8.56
1424472000,8.56
1424472600,8.54
1424473200,8.54
1424473800,8.51
1424474400,8.54
1424475000,8.53
1424475600,8.49
1424476200,8.52
1424476800,8.52
1424477400,8.54
1424478000,8.55
1424478600,8.58
1424479200,8.59
1424479800,8.6
1424480400,8.6
1424481000,8.6
1424481600,8.6
1424482200,8.62
1424482800,8.61
1424483400,8.61
1424484000,8.61
1424484600,8.59
1424485200,8.58
1424485800,8.55
1424486400,8.57
1424487000,8.6
1424487600,8.59
1424488200,8.58
1424488800,8.59
1424489400,8.63
1424490000,8.61
1424490600,8.6
1424491200,8.62
1424491800,8.64
1424492400,8.63
1424493000,8.6
1424493600,8.62
1424494200,8.62
1424494800,8.6
1424495400,8.6
1424496000,8.6
1424496600,8.57
1424497200,8.58
1424497800,8.6
1424498400,8.59
1424499000,8.59
1424499600,8.54
1424500200,8.56
1424500800,8.56
1424501400,8.55
1424502000,8.54
1424502600,8.52
1424503200,8.49
1424503800,8.48
1424504400,8.5
1424505000,8.46
1424505600,8.49
1424506200,8.49
1424506800,8.5
1424507400,8.53
1424508000,8.52
1424508600,8.52
1424509200,8.5
1424509800,8.52
1424510400,8.51
1424511000,8.5
1424511600,8.5
1424512200,8.5
1424512800,8.48
1424513400,8.48
1424514000,8.47
1424514600,8.46
1424515200,8.45
1424515800,8.45
1424516400,8.44
1424517000,8.44
1424517600,8.43
1424518200,8.45
1424518800,8.44
1424519400,8.46
1424520000,8.43
1424520600,8.43
1424521200,8.43
1424521800,8.42
1424522400,8.42
1424523000,8.42
1424523600,8.41
1424524200,8.41
1424524800,8.41
1424525400,8.39
1424526000,8.41
1424526600,8.41
1424527200,8.42
1424527800,8.46
1424528400,8.44
1424529000,8.44
1424529600,8.42
1424530200,8.41
1424530800,8.43
1424531400,8.39
1424532000,8.41
1424532600,8.42
1424533200,8.41
1424533800,8.41
1424534400,8.41
1424535000,8.41
1424535600,8.41
1424536200,8.42
1424536800,8.42
1424537400,8.4
1424538000,8.4
1424538600,8.41
1424539200,8.4
1424539800,8.4
1424540400,8.41
1424541000,8.37
1424541600,8.36
1424542200,8.34
1424542800,8.37
1424543400,8.38
1424544000,8.39
1424544600,8.39
1424545200,8.4
1424545800,8.4
1424546400,8.41
1424547000,8.4
1424547600,8.39
1424548200,8.38
1424548800,8.39
1424549400,8.4
1424550000,8.39
1424550600,8.41
1424551200,8.41
1424551800,8.43
1424552400,8.45
1424553000,8.46
1424553600,8.44
1424554200,8.44
1424554800,8.46
1424555400,8.45
1424556000,8.45
1424556600,8.46
1424557200,8.44
1424557800,8.46
1424558400,8.47
1424559000,8.47
1424559600,8.46
1424560200,8.46
1424560800,8.47
1424561400,8.45
1424562000,8.44
1424562600,8.44
1424563200,8.43
1424563800,8.43
1424564400,8.42
1424565000,8.41
1424565600,8.43
1424566200,8.41
1424566800,8.42
1424567400,8.4
1424568000,8.41
1424568600,8.42
1424569200,8.42
1424569800,8.43
1424570400,8.45
1424571000,8.47
1424571600,8.47
1424572200,8.46
1424572800,8.45
1424573400,8.43
1424574000,8.42
1424574600,8.41
1424575200,8.42
1424575800,8.4
1424576400,8.42
1424577000,8.44
1424577600,8.46
1424578200,8.45
1424578800,8.44
1424579400,8.45
1424580000,8.45
1424580600,8.47
1424581200,8.48
1424581800,8.46
1424582400,8.45
1424583000,8.43
1424583600,8.42
1424584200,8.41
1424584800,8.42
1424585400,8.43
1424586000,8.43
1424586600,8.41
1424587200,8.4
1424587800,8.4
1424588400,8.41
1424589000,8.41
1424589600,8.41
1424590200,8.4
1424590800,8.4
1424591400,8.38
1424592000,8.37
1424592600,8.36
1424593200,8.35
1424593800,8.37
1424594400,8.38
1424595000,8.37
1424595600,8.36
1424596200,8.37
1424596800,8.35
1424597400,8.35
1424598000,8.33
1424598600,8.33
1424599200,8.33
1424599800,8.34
1424600400,8.33
1424601000,8.32
1424601600,8.32
1424602200,8.33
1424602800,8.3
1424603400,8.29
1424604000,8.28
1424604600,8.28
1424605200,8.28
1424605800,8.29
1424606400,8.29
1424607000,8.29
1424607600,8.28
1424608200,8.29
1424608800,8.28
1424609400,8.26
1424610000,8.27
1424610600,8.27
1424611200,8.27
1424611800,8.28
1424612400,8.28
1424613000,8.28
1424613600,8.28
1424614200,8.28
1424614800,8.27
1424615400,8.24
1424616000,8.23
1424616600,8.27
1424617200,8.27
1424617800,8.24
1424618400,8.25
1424619000,8.26
1424619600,8.25
1424620200,8.24
1424620800,8.25
1424621400,8.27
1424622000,8.29
1424622600,8.28
1424623200,8.28
1424623800,8.27
1424624400,8.27
1424625000,8.26
1424625600,8.25
1424626200,8.26
1424626800,8.25
1424627400,8.25
1424628000,8.25
1424628600,8.24
1424629200,8.24
1424629800,8.24
1424630400,8.22
1424631000,8.23
1424631600,8.24
1424632200,8.24
1424632800,8.24
1424633400,8.24
1424634000,8.24
1424634600,8.22
1424635200,8.22
1424635800,8.22
1424636400,8.22
1424637000,8.23
1424637600,8.23
1424638200,8.24
1424638800,8.25
1424639400,8.26
1424640000,8.24
1424640600,8.25
1424641200,8.27
1424641800,8.27
1424642400,8.28
1424643000,8.29
1424643600,8.29
1424644200,8.29
1424644800,8.29
1424645400,8.29
1424646000,8.29
1424646600,8.29
1424647200,8.3
1424647800,8.3
1424649600,8.29
1424650200,8.31
1424650800,8.31
1424651400,8.29
1424652000,8.28
1424652600,8.28
1424653200,8.27
1424653800,8.27
1424654400,8.26
1424655000,8.24
1424655600,8.23
1424656200,8.25
1424656800,8.24
1424657400,8.25
1424658000,8.21
1424658600,8.21
1424659200,8.23
1424659800,8.23
1424660400,8.23
1424661000,8.23
1424661600,8.24
1424662200,8.22
1424662800,8.23
1424663400,8.25
1424664000,8.24
1424664600,8.23
1424665200,8.22
1424665800,8.24
1424666400,8.24
1424667000,8.22
1424667600,8.24
1424668200,8.21
1424668800,8.24
1424669400,8.24
1424670000,8.23
1424670600,8.22
1424671200,8.23
1424671800,8.24
1424672400,8.23
1424673000,8.21
1424673600,8.21
1424674200,8.15
1424674800,8.23
1424675400,8.22
1424676000,8.2
1424676600,8.23
1424677200,8.23
1424677800,8.23
1424678400,8.23
1424679000,8.24
1424679600,8.24
1424680200,8.25
1424680800,8.25
1424681400,8.26
1424682000,8.26
1424682600,8.24
1424683200,8.25
1424683800,8.24
1424684400,8.23
1424685000,8.24
1424685600,8.23
1424686200,8.24
1424686800,8.22
1424687400,8.23
1424688000,8.26
1424688600,8.27
1424689200,8.24
1424689800,8.24
1424690400,8.26
1424691000,8.26
1424691600,8.26
1424692200,8.27
1424692800,8.25
1424693400,8.26
1424694000,8.25
1424694600,8.23
1424695200,8.25
1424695800,8.26
1424696400,8.25
1424697000,8.25
1424697600,8.24
1424698200,8.24
1424698800,8.25
1424699400,8.25
1424700000,8.23
1424700600,8.23
1424701200,8.24
1424701800,8.26
1424702400,8.24
1424703000,8.26
1424703600,8.27
1424704200,8.25
1424704800,8.26
1424705400,8.26
1424706000,8.27
1424706600,8.26
1424707200,8.28
1424707800,8.27
1424708400,8.29
1424709000,8.29
1424709600,8.29
1424710200,8.28
1424710800,8.27
1424711400,8.27
1424712000,8.27
1424712600,8.28
1424713200,8.28
1424713800,8.29
1424714400,8.3
1424715000,8.3
1424715600,8.3
1424716200,8.29
1424716800,8.29
1424717400,8.28
1424718000,8.29
1424718600,8.29
1424719200,8.3
1424719800,8.3
1424720400,8.31
1424721000,8.31
1424721600,8.3
1424722200,8.29
1424722800,8.28
1424723400,8.27
1424724000,8.27
1424724600,8.25
1424725200,8.25
1424725800,8.24
1424726400,8.24
1424727000,8.23
1424727600,8.23
1424728200,8.24
1424728800,8.26
1424729400,8.26
1424730000,8.26
1424730600,8.26
1424731200,8.27
1424731800,8.27
1424732400,8.27
1424733000,8.24
1424733600,8.24
1424734200,8.24
1424734800,8.24
1424735400,8.24
1424736000,8.25
1424736600,8.24
1424737200,8.25
1424737800,8.26
1424738400,8.26
1424739000,8.26
1424739600,8.24
1424740200,8.24
1424740800,8.25
1424741400,8.25
1424742000,8.26
1424742600,8.26
1424743200,8.26
1424743800,8.24
1424744400,8.24
1424745000,8.24
1424745600,8.24
1424746200,8.24
1424746800,8.24
1424747400,8.23
1424748000,8.23
1424748600,8.22
1424749200,8.23
1424749800,8.23
1424750400,8.22
1424751000,8.21
1424751600,8.2
1424752200,8.22
1424752800,8.21
1424753400,8.21
1424754000,8.21
1424754600,8.2
1424755200,8.21
1424755800,8.22
1424756400,8.22
1424757000,8.23
1424757600,8.23
1424758200,8.22
1424758800,8.22
1424759400,8.23
1424760000,8.22
1424760600,8.22
1424761200,8.22
1424761800,8.23
1424762400,8.23
1424763000,8.23
1424763600,8.24
1424764200,8.23
1424764800,8.24
1424765400,8.23
1424766000,8.21
1424766600,8.23
1424767200,8.23
1424767800,8.22
1424768400,8.21
1424769000,8.22
1424769600,8.22
1424770200,8.22
1424770800,8.21
1424771400,8.22
1424772000,8.21
1424772600,8.22
1424773200,8.22
1424773800,8.21
1424774400,8.21
1424775000,8.22
1424775600,8.22
1424776200,8.21
1424776800,8.22
1424777400,8.22
1424778000,8.23
1424778600,8.22
1424779200,8.23
1424779800,8.24
1424780400,8.22
1424781000,8.22
1424781600,8.22
1424782200,8.23
1424782800,8.22
1424783400,8.21
1424784000,8.2
1424784600,8.21
1424785200,8.2
1424785800,8.21
1424786400,8.22
1424787000,8.21
1424787600,8.22
1424788200,8.21
1424788800,8.21
1424789400,8.21
1424790000,8.21
1424790600,8.21
1424791200,8.2
1424791800,8.21
1424792400,8.22
1424793000,8.21
1424793600,8.2
1424794200,8.19
1424794800,8.18
1424795400,8.19
1424796000,8.19
1424796600,8.19
1424797200,8.18
1424797800,8.19
1424798400,8.2
1424799000,8.2
1424799600,8.17
1424800200,8.18
1424800800,8.18
1424801400,8.19
1424802000,8.2
1424802600,8.2
1424803200,8.2
1424803800,8.19
1424804400,8.21
1424805000,8.22
1424805600,8.2
1424806200,8.21
1424806800,8.21
1424807400,8.2
1424808000,8.21
1424808600,8.2
1424809200,8.2
1424809800,8.21
1424810400,8.2
1424811000,8.2
1424811600,8.2
1424812200,8.21
1424812800,8.21
1424813400,8.21
1424814000,8.21
1424814600,8.23
1424815200,8.2
1424815800,8.23
1424816400,8.22
1424817000,8.22
1424817600,8.24
1424818200,8.23
1424818800,8.25
1424819400,8.27
1424820000,8.25
1424820600,8.26
1424821200,8.26
1424821800,8.27
1424822400,8.29
1424823000,8.29
1424823600,8.29
1424824200,8.32
1424824800,8.34
1424825400,8.33
1424826000,8.33
1424826600,8.34
1424827200,8.33
1424827800,8.33
1424828400,8.33
1424829000,8.32
1424829600,8.32
1424830200,8.33
1424830800,8.26
1424831400,8.24
1424832000,8.28
1424832600,8.27
1424833200,8.27
1424833800,8.27
1424834400,8.25
1424835000,8.25
1424835600,8.27
1424836200,8.28
1424836800,8.28
1424837400,8.27
1424838000,8.26
1424838600,8.27
1424839200,8.28
1424839800,8.28
1424840400,8.26
1424841000,8.25
1424841600,8.25
1424842200,8.24
1424842800,8.24
1424843400,8.23
1424844000,8.23
1424844600,8.22
1424845200,8.24
1424845800,8.24
1424846400,8.24
1424847000,8.23
1424847600,8.24
1424848200,8.25
1424848800,8.23
1424849400,8.24
1424850000,8.28
1424850600,8.29
1424851200,8.31
1424851800,8.33
1424852400,8.34
1424853000,8.34
1424853600,8.32
1424854200,8.31
1424854800,8.29
1424855400,8.28
1424856000,8.26
1424856600,8.24
1424857200,8.23
1424857800,8.24
1424858400,8.23
1424859000,8.24
1424859600,8.26
1424860200,8.26
1424860800,8.27
1424861400,8.26
1424862000,8.28
1424862600,8.31
1424863200,8.32
1424863800,8.33
1424864400,8.35
1424865000,8.36
1424865600,8.36
1424866200,8.38
1424866800,8.38
1424867400,8.38
1424868000,8.37
1424868600,8.35
1424869200,8.35
1424869800,8.35
1424870400,8.37
1424871000,8.38
1424871600,8.38
1424872200,8.36
1424872800,8.37
1424873400,8.39
1424874000,8.39
1424874600,8.38
1424875200,8.39
1424875800,8.38
1424876400,8.36
1424877000,8.33
1424877600,8.35
1424878200,8.35
1424878800,8.32
1424879400,8.31
1424880000,8.35
1424880600,8.37
1424881200,8.37
1424881800,8.35
1424882400,8.37
1424883000,8.37
1424883600,8.36
1424884200,8.37
1424884800,8.39
1424885400,8.4
1424886000,8.39
1424886600,8.39
1424887200,8.35
1424887800,8.34
1424888400,8.36
1424889000,8.36
1424889600,8.35
1424890200,8.36
1424890800,8.4
1424891400,8.42
1424892000,8.37
1424892600,8.36
1424893200,8.4
1424893800,8.41
1424894400,8.42
1424895000,8.42
1424895600,8.45
1424896200,8.47
1424896800,8.47
1424897400,8.45
1424898000,8.41
1424898600,8.36
1424899200,8.35
1424899800,8.36
1424900400,8.36
1424901000,8.32
1424901600,8.32
1424902200,8.33
1424902800,8.31
1424903400,8.3
1424904000,8.33
1424904600,8.37
1424905200,8.39
1424905800,8.4
1424906400,8.38
1424907000,8.35
1424907600,8.33
1424908200,8.35
1424908800,8.38
1424909400,8.38
1424910000,8.4
1424910600,8.41
1424911200,8.44
1424911800,8.43
1424912400,8.46
1424913000,8.47
1424913600,8.47
1424914200,8.45
1424914800,8.48
1424915400,8.48
1424916000,8.46
1424916600,8.42
1424917200,8.44
1424917800,8.44
1424918400,8.45
1424919000,8.44
1424919600,8.43
1424920200,8.45
1424920800,8.45
1424921400,8.49
1424922000,8.49
1424922600,8.51
1424923200,8.51
1424923800,8.51
1424924400,8.48
1424925000,8.5
1424925600,8.5
1424926200,8.5
1424926800,8.54
1424927400,8.53
1424928000,8.54
1424928600,8.56
1424929200,8.55
1424929800,8.54
1424930400,8.55
1424931000,8.57
1424931600,8.55
1424932200,8.55
1424932800,8.55
1424933400,8.57
1424934000,8.57
1424934600,8.51
1424935200,8.55
1424935800,8.5
1424936400,8.57
1424937000,8.54
1424937600,8.54
1424938200,8.54
1424938800,8.5
1424939400,8.47
1424940000,8.49
1424940600,8.49
1424941200,8.5
1424941800,8.49
1424942400,8.5
1424943000,8.54
1424943600,8.54
1424944200,8.53
1424944800,8.53
1424945400,8.55
1424946000,8.56
1424946600,8.54
1424947200,8.54
1424947800,8.53
1424948400,8.53
1424949000,8.54
1424949600,8.55
1424950200,8.54
1424950800,8.56
1424951400,8.58
1424952000,8.58
1424952600,8.56
1424953200,8.58
1424953800,8.6
1424954400,8.57
1424955000,8.56
1424955600,8.57
1424956200,8.55
1424956800,8.52
1424957400,8.52
1424958000,8.5
1424958600,8.46
1424959200,8.48
1424959800,8.49
1424960400,8.49
1424961000,8.48
1424961600,8.49
1424962200,8.49
1424962800,8.49
1424963400,8.5
1424964000,8.52
1424964600,8.48
1424965200,8.54
1424965800,8.56
1424966400,8.55
1424967000,8.57
1424967600,8.58
1424968200,8.56
1424968800,8.54
1424969400,8.54
1424970000,8.51
1424970600,8.53
1424971200,8.53
1424971800,8.55
1424972400,8.53
1424973000,8.53
1424973600,8.53
1424974200,8.5
1424974800,8.5
1424975400,8.5
1424976000,8.51
1424976600,8.52
1424977200,8.53
1424977800,8.53
1424978400,8.53
1424979000,8.54
1424979600,8.53
1424980200,8.52
1424980800,8.53
1424981400,8.52
1424982000,8.52
1424982600,8.52
1424983200,8.52
1424983800,8.53
1424984400,8.54
1424985000,8.55
1424985600,8.54
1424986200,8.53
1424986800,8.53
1424987400,8.53
1424988000,8.53
1424988600,8.53
1424989200,8.52
1424989800,8.52
1424990400,8.47
1424991000,8.44
1424991600,8.42
1424992200,8.4
1424992800,8.39
1424993400,8.41
1424994000,8.42
1424994600,8.42
1424995200,8.43
1424995800,8.46
1424996400,8.48
1424997000,8.48
1424997600,8.48
1424998200,8.49
1424998800,8.5
1424999400,8.54
1425000000,8.52
1425000600,8.54
1425001200,8.53
1425001800,8.52
1425002400,8.54
1425003000,8.54
1425003600,8.53
1425004200,8.49
1425004800,8.49
1425005400,8.48
1425006000,8.46
1425006600,8.44
1425007200,8.44
1425007800,8.46
1425008400,8.49
1425009000,8.47
1425009600,8.47
1425010200,8.47
1425010800,8.46
1425011400,8.46
1425012000,8.46
1425012600,8.47
1425013200,8.47
1425013800,8.47
1425014400,8.46
1425015000,8.46
1425015600,8.45
1425016200,8.46
1425016800,8.45
1425017400,8.45
1425018000,8.44
1425018600,8.43
1425019200,8.43
1425019800,8.42
1425020400,8.42
1425021000,8.43
1425021600,8.44
1425022200,8.44
1425022800,8.47
1425023400,8.46
1425024000,8.45
1425024600,8.45
1425025200,8.44
1425025800,8.45
1425026400,8.44
1425027000,8.43
1425027600,8.45
1425028200,8.45
1425028800,8.43
1425029400,8.42
1425030000,8.42
1425030600,8.42
1425031200,8.42
1425031800,8.41
1425032400,8.39
1425033000,8.4
1425033600,8.39
1425034200,8.39
1425034800,8.4
1425035400,8.38
1425036000,8.38
1425036600,8.37
1425037200,8.36
1425037800,8.36
1425038400,8.36
1425039000,8.36
1425039600,8.38
1425040200,8.37
1425040800,8.36
1425041400,8.34
1425042000,8.35
1425042600,8.34
1425043200,8.33
1425043800,8.32
1425044400,8.32
1425045000,8.32
1425045600,8.3
1425046200,8.31
1425046800,8.33
1425047400,8.32
1425048000,8.32
1425048600,8.3
1425049200,8.32
1425049800,8.33
1425050400,8.34
1425051000,8.34
1425051600,8.33
1425052200,8.35
1425052800,8.33
1425053400,8.34
1425054000,8.33
1425054600,8.35
1425055200,8.35
1425057600,8.35
1425058200,8.34
1425058800,8.33
1425059400,8.33
1425060000,8.32
1425060600,8.34
1425061200,8.36
1425061800,8.36
1425062400,8.36
1425063000,8.39
1425063600,8.39
1425064200,8.36
1425064800,8.36
1425065400,8.35
1425066000,8.36
1425066600,8.37
1425067200,8.38
1425067800,8.38
1425068400,8.39
1425069000,8.39
1425069600,8.39
1425070200,8.38
1425070800,8.38
1425071400,8.39
1425072000,8.39
1425072600,8.39
1425073200,8.4
1425073800,8.4
1425074400,8.39
1425075000,8.39
1425075600,8.39
1425076200,8.37
1425076800,8.37
1425077400,8.36
1425078000,8.35
1425078600,8.36
1425079200,8.37
1425079800,8.38
1425080400,8.37
1425081000,8.35
1425081600,8.37
1425082200,8.37
1425082800,8.37
1425083400,8.37
1425084000,8.36
1425084600,8.35
1425085200,8.36
1425085800,8.37
1425086400,8.36
1425087000,8.36
1425087600,8.37
1425088200,8.39
1425088800,8.4
1425089400,8.39
1425090000,8.4
1425090600,8.4
1425091200,8.4
1425091800,8.41
1425092400,8.41
1425093000,8.42
1425093600,8.44
1425094200,8.44
1425094800,8.46
1425095400,8.46
1425096000,8.47
1425096600,8.48
1425097200,8.47
1425097800,8.47
1425098400,8.48
1425099000,8.48
1425099600,8.47
1425100200,8.47
1425100800,8.46
1425101400,8.46
1425102000,8.45
1425102600,8.46
1425103200,8.45
1425103800,8.45
1425104400,8.45
1425105000,8.45
1425105600,8.47
1425106200,8.47
1425106800,8.46
1425107400,8.48
1425108000,8.5
1425108600,8.51
1425109200,8.51
1425109800,8.52
1425110400,8.53
1425111000,8.53
1425111600,8.53
1425112200,8.54
1425112800,8.56
1425113400,8.57
1425114000,8.57
1425114600,8.58
1425115200,8.57
1425115800,8.56
1425116400,8.6
1425117000,8.61
1425117600,8.62
1425118200,8.62
1425118800,8.62
1425119400,8.63
1425120000,8.62
1425120600,8.61
1425121200,8.6
1425121800,8.59
1425122400,8.59
1425123000,8.58
1425123600,8.58
1425124200,8.57
1425124800,8.58
1425125400,8.58
1425126000,8.58
1425126600,8.58
1425127200,8.58
1425127800,8.56
1425128400,8.57
1425129000,8.57
1425129600,8.55
1425130200,8.55
1425130800,8.55
1425131400,8.54
1425132000,8.54
1425132600,8.52
1425133200,8.53
1425133800,8.53
1425134400,8.53
1425135000,8.53
1425135600,8.54
1425136200,8.54
1425136800,8.55
1425137400,8.54
1425138000,8.55
1425138600,8.55
1425139200,8.56
1425139800,8.56
1425140400,8.55
1425141000,8.55
1425141600,8.56
1425142200,8.58
1425142800,8.58
1425143400,8.57
1425144000,8.57
1425144600,8.56
1425145200,8.58
1425145800,8.57
1425146400,8.57
1425147000,8.56
1425147600,8.56
1425148200,8.57
1425148800,8.58
1425149400,8.57
1425150000,8.56
1425150600,8.57
1425151200,8.54
1425151800,8.53
1425152400,8.53
1425153000,8.53
1425153600,8.52
1425154200,8.51
1425154800,8.51
1425155400,8.5
1425156000,8.47
1425156600,8.47
1425157200,8.46
1425157800,8.45
1425158400,8.44
1425159000,8.43
1425159600,8.41
1425160200,8.4
1425160800,8.41
1425161400,8.42
1425162000,8.4
1425162600,8.39
1425163200,8.39
1425163800,8.36
1425164400,8.36
1425165000,8.37
1425165600,8.35
1425166200,8.34
1425166800,8.34
1425167400,8.32
1425168000,8.33
1425168600,8.32
1425169200,8.31
1425169800,8.3
1425170400,8.31
1425171000,8.31
1425171600,8.31
1425172200,8.3
1425172800,8.29
1425173400,8.28
1425174000,8.28
1425174600,8.28
1425175200,8.28
1425175800,8.27
1425176400,8.27
1425177000,8.27
1425177600,8.26
1425178200,8.27
1425178800,8.26
1425179400,8.26
1425180000,8.25
1425180600,8.25
1425181200,8.25
1425181800,8.25
1425182400,8.25
1425183000,8.25
1425183600,8.24
1425184200,8.25
1425184800,8.24
1425185400,8.24
1425186000,8.23
1425186600,8.23
1425187200,8.24
1425187800,8.23
1425188400,8.23
1425189000,8.22
1425189600,8.21
1425190200,8.21
1425190800,8.21
1425191400,8.2
1425192000,8.21
1425192600,8.22
1425193200,8.21
1425193800,8.21
1425194400,8.21
1425195000,8.21
1425195600,8.22
1425196200,8.22
1425196800,8.24
1425197400,8.24
1425198000,8.24
1425198600,8.24
1425199200,8.24
1425199800,8.24
1425200400,8.23
1425201000,8.24
1425201600,8.25
1425202200,8.25
1425202800,8.25
1425203400,8.25
1425204000,8.24
1425204600,8.25
1425205200,8.25
1425205800,8.25
1425206400,8.25
1425207000,8.25
1425207600,8.25
1425208200,8.25
1425208800,8.25
1425209400,8.25
1425210000,8.25
1425210600,8.25
1425211200,8.25
1425211800,8.25
1425212400,8.26
1425213000,8.26
1425213600,8.25
1425214200,8.26
1425214800,8.26
1425215400,8.26
1425216000,8.26
1425216600,8.26
1425217200,8.27
1425217800,8.25
1425218400,8.26
1425219000,8.26
1425219600,8.27
1425220200,8.26
1425220800,8.25
1425221400,8.27
1425222000,8.26
1425222600,8.25
1425223200,8.25
1425223800,8.25
1425224400,8.24
1425225000,8.23
1425225600,8.24
1425226200,8.24
1425226800,8.23
1425227400,8.23
1425228000,8.24
1425228600,8.24
1425229200,8.24
1425229800,8.24
1425230400,8.24
1425231000,8.24
1425231600,8.24
1425232200,8.23
1425232800,8.24
1425233400,8.23
1425234000,8.22
1425234600,8.23
1425235200,8.23
1425235800,8.23
1425236400,8.22
1425237000,8.22
1425237600,8.22
1425238200,8.22
1425238800,8.23
1425239400,8.23
1425240000,8.23
1425240600,8.22
1425241200,8.23
1425241800,8.24
1425242400,8.24
1425243000,8.25
1425243600,8.25
1425244200,8.24
1425244800,8.25
1425245400,8.25
1425246000,8.25
1425246600,8.25
1425247200,8.24
1425247800,8.25
1425248400,8.26
1425249000,8.26
1425249600,8.25
1425250200,8.26
1425250800,8.24
1425251400,8.24
1425252000,8.23
1425252600,8.23
1425253200,8.22
1425253800,8.23
1425254400,8.24
1425255000,8.24
1425255600,8.24
1425256200,8.24
1425256800,8.25
1425257400,8.25
1425258000,8.26
1425258600,8.25
1425259200,8.25
1425259800,8.27
1425260400,8.27
1425261000,8.28
1425261600,8.28
1425262200,8.27
1425262800,8.28
1425263400,8.29
1425264000,8.28
1425264600,8.28
1425265200,8.27
1425265800,8.27
1425266400,8.28
1425267000,8.27
1425267600,8.27
1425268200,8.27
1425268800,8.26
1425269400,8.26
1425270000,8.27
1425270600,8.27
1425271200,8.26
1425271800,8.26
1425272400,8.28
1425273000,8.28
1425273600,8.27
1425274200,8.26
1425274800,8.26
1425275400,8.27
1425276000,8.26
1425276600,8.25
1425277200,8.25
1425277800,8.25
1425278400,8.25
1425279000,8.25
1425279600,8.25
1425280200,8.26
1425280800,8.25
1425281400,8.26
1425282000,8.27
1425282600,8.27
1425283200,8.26
1425283800,8.27
1425284400,8.28
1425285000,8.28
1425285600,8.27
1425286200,8.26
1425286800,8.26
1425287400,8.26
1425288000,8.25
1425288600,8.26
1425289200,8.26
1425289800,8.26
1425290400,8.26
1425291000,8.27
1425291600,8.27
1425292200,8.27
1425292800,8.27
1425293400,8.27
1425294000,8.26
1425294600,8.25
1425295200,8.26
1425295800,8.26
1425296400,8.26
1425297000,8.26
1425297600,8.25
1425298200,8.25
1425298800,8.26
1425299400,8.26
1425300000,8.27
1425300600,8.27
1425301200,8.27
1425301800,8.27
1425302400,8.26
1425303000,8.28
1425303600,8.3
1425304200,8.29
1425304800,8.29
1425305400,8.28
1425306000,8.28
1425306600,8.29
1425307200,8.29
1425307800,8.28
1425308400,8.28
1425309000,8.27
1425309600,8.27
1425310200,8.26
1425310800,8.26
1425311400,8.27
1425312000,8.26
1425312600,8.26
1425313200,8.26
1425313800,8.26
1425314400,8.27
1425315000,8.26
1425315600,8.26
1425316200,8.25
1425316800,8.26
1425317400,8.26
1425318000,8.25
1425318600,8.26
1425319200,8.26
1425319800,8.26
1425320400,8.26
1425321000,8.27
1425321600,8.26
1425322200,8.25
1425322800,8.26
1425323400,8.27
