1423864800,412.5
1423869000,412.16
1423870200,413.63
1423870800,414.66
1423871400,415.44
1423872000,415.59
1423872600,416.12
1423873200,416.51
1423873800,416.13
1423874400,417.63
1423875000,416.87
1423875600,416.66
1423876200,417.08
1423876800,416.5
1423877400,416.21
1423878000,415.68
1423878600,415.26
1423879200,415.27
1423879800,415.48
1423880400,416.36
1423881000,417.31
1423881600,417.78
1423882200,417.54
1423882800,417.76
1423883400,417.42
1423884000,416.44
1423884600,412.07
1423885200,408.88
1423885800,407.66
1423886400,404.9
1423887000,406
1423887600,402.92
1423888200,401.9
1423888800,401.7
1423889400,403.27
1423890000,401.58
1423890600,400.29
1423891200,400.64
1423891800,399.27
1423892400,398.84
1423893000,400.39
1423893600,400.91
1423894200,400.38
1423894800,398.79
1423895400,397.34
1423896000,395.93
1423896600,395.05
1423897200,394.28
1423897800,392.74
1423898400,390.39
1423899000,388.18
1423899600,389.32
1423902000,396.25
1423902600,397.24
1423903200,398.33
1423903800,401.2
1423904400,401.8
1423905000,402.55
1423905600,403.06
1423906200,403.44
1423906800,403.54
1423907400,403.45
1423908000,402.4
1423908600,402.27
1423909200,402.8
1423909800,401.38
1423910400,401.03
1423911000,400.47
1423911600,401.16
1423912200,400.42
1423912800,401.29
1423913400,401.85
1423914000,402.18
1423914600,402.48
1423915200,402.18
1423915800,401.81
1423916400,400.86
1423917000,400.07
1423917600,400.54
1423918200,400.01
1423918800,400.11
1423919400,399.29
1423920000,399.78
1423920600,400.22
1423921200,400.04
1423921800,400.78
1423922400,402.13
1423923000,404.23
1423923600,402.95
1423924200,402.85
1423924800,401.9
1423925400,401.18
1423926000,402.46
1423926600,403.45
1423927200,404.33
1423927800,404.95
1423928400,404.65
1423929000,404.94
1423929600,403.97
1423930200,403.35
1423930800,402.9
1423931400,402.98
1423932000,402.66
1423932600,402.61
1423933200,401.9
1423933800,401.68
1423934400,401.41
1423935000,400.21
1423935600,400.71
1423936200,401.35
1423936800,400.66
1423937400,400.95
1423938000,401.13
1423938600,399.96
1423939200,399.62
1423939800,399.61
1423940400,398.53
1423941000,398.79
1423941600,399.28
1423942200,400.69
1423942800,401.77
1423943400,399.19
1423944000,397.51
1423944600,397.67
1423945200,400.2
1423945800,401.2
1423946400,402.26
1423947000,401.21
1423947600,400.06
1423948200,398.24
1423948800,398.31
1423949400,399.94
1423950000,400.45
1423950600,398.89
1423951200,399.33
1423951800,398.2
1423952400,399.67
1423953000,400.6
1423953600,400.31
1423954200,400.19
1423954800,403.6
1423955400,402.81
1423956000,400.67
1423956600,402.79
1423957200,402.27
1423957800,401.88
1423958400,399.59
1423959000,400.34
1423959600,399.77
1423960200,399.81
1423960800,401.93
1423961400,402.23
1423962000,403.33
1423962600,404.06
1423963200,404.59
1423963800,403.95
1423964400,402.83
1423965000,402.95
1423965600,403.78
1423966200,404.94
1423966800,404.86
1423967400,402.99
1423968000,403.11
1423968600,403.26
1423969200,402.94
1423969800,405.26
1423970400,402.23
1423971000,402.96
1423971600,402.74
1423972200,401.39
1423972800,401.35
1423973400,402.28
1423974000,402.71
1423974600,402.63
1423975200,400.75
1423975800,399.83
1423976400,400.79
1423977000,400.29
1423977600,399.08
1423978200,399.03
1423978800,399.2
1423979400,399.54
1423980000,399.14
1423980600,399.35
1423981200,399.63
1423981800,398.94
1423982400,399.17
1423983000,399.59
1423983600,400.8
1423984200,401.45
1423984800,401.66
1423985400,401.36
1423986000,402.41
1423986600,402.3
1423987200,402.22
1423987800,400.9
1423988400,400.38
1423989000,400.68
1423989600,399.26
1423990200,398.96
1423990800,398.69
1423991400,398.38
1423992000,397.24
1423992600,396.35
1423993200,395.1
1423993800,395.18
1423994400,393.87
1423995000,393.03
1423995600,392.07
1423996200,391.17
1423996800,391.3
1423997400,391.93
1423998000,393.65
1423998600,392.72
1423999200,393.23
1423999800,392.35
1424000400,392.19
1424001000,392.3
1424001600,391.7
1424002200,392.17
1424002800,392.08
1424003400,391.44
1424004000,391.74
1424004600,393.26
1424005200,394.26
1424005800,393.49
1424006400,393.14
1424007000,393.74
1424007600,393.38
1424008200,393.06
1424008800,392.49
1424009400,393.67
1424010000,394.31
1424010600,393.62
1424011200,393.34
1424011800,392.62
1424012400,391.3
1424013000,391.93
1424013600,391.73
1424014200,392.99
1424014800,394
1424015400,394.73
1424016000,395.98
1424016600,395.58
1424017200,394.26
1424017800,394.14
1424018400,392.9
1424019000,392.91
1424019600,394.02
1424020200,394.56
1424020800,395.72
1424021400,396.18
1424022000,396.34
1424022600,396.09
1424023200,396.23
1424023800,396.66
1424024400,396.61
1424025000,395.82
1424025600,395.62
1424026200,396.27
1424026800,397.08
1424027400,396.25
1424028000,395.86
1424028600,395.86
1424029200,396.37
1424029800,395.89
1424030400,395.94
1424031000,396.31
1424031600,395.74
1424032200,395.46
1424032800,394.69
1424033400,394.58
1424034000,394.78
1424034600,394.49
1424035200,395.1
1424035800,395.63
1424036400,396.04
1424037000,395.1
1424037600,394.72
1424038200,393.99
1424038800,394.5
1424039400,394.21
1424040000,393.93
1424040600,393.36
1424041200,393.3
1424041800,393.68
1424042400,393.27
1424043000,393
1424043600,392.18
1424044200,391.83
1424044800,392.51
1424045400,393.25
1424046000,393.91
1424046600,393.01
1424047200,393.28
1424047800,392.97
1424048400,392.63
1424049000,392.12
1424049600,392.88
1424050200,392.81
1424050800,392.61
1424051400,392.37
1424052000,392.49
1424052600,392.71
1424053200,392.96
1424053800,392.66
1424054400,391.23
1424055000,391.4
1424055600,392.57
1424056200,392.75
1424056800,392.54
1424057400,391.65
1424058000,391.86
1424058600,391.09
1424059200,390.83
1424059800,391.43
1424060400,392.12
1424061000,390.91
1424061600,390.67
1424062200,390.32
1424062800,391.33
1424063400,391.6
1424064000,391.34
1424064600,392.86
1424065200,394.21
1424065800,395.16
1424066400,395.4
1424067000,395.7
1424067600,396.93
1424068200,397.03
1424068800,397.35
1424069400,396.95
1424070000,397.02
1424070600,396.5
1424071200,395.91
1424071800,395.31
1424072400,395.63
1424073000,395.54
1424073600,395.25
1424074200,395.32
1424074800,395.58
1424075400,395.47
1424076000,395.87
1424076600,395.92
1424077200,395.53
1424077800,395.73
1424078400,395.66
1424079000,395.77
1424079600,396.58
1424080200,396.84
1424080800,396.66
1424081400,396.41
1424082000,396.61
1424082600,397.5
1424083200,397.94
1424083800,397.62
1424084400,397.58
1424085000,397.85
1424085600,397.79
1424086200,397.59
1424086800,397.35
1424087400,396.74
1424088000,396.5
1424088600,395.74
1424089200,395.07
1424089800,395.12
1424090400,394.55
1424091000,394.28
1424091600,394.14
1424092200,394.47
1424092800,395.29
1424093400,395.48
1424094000,395.49
1424094600,394.74
1424095200,393.81
1424095800,393.53
1424096400,393.71
1424097000,393.99
1424097600,393.89
1424098200,394.28
1424098800,395.27
1424099400,396.18
1424100000,396.32
1424100600,396.94
1424101200,397.99
1424101800,398.76
1424102400,398.28
1424103000,398.1
1424103600,397.97
1424104200,398.14
1424104800,398.21
1424105400,397.75
1424106000,397.28
1424106600,397.49
1424107200,397.97
1424107800,398.1
1424108400,398.97
1424109000,398.06
1424109600,397.64
1424110200,397.68
1424110800,397.34
1424111400,398.25
1424112000,398.01
1424112600,397.9
1424113200,398.8
1424113800,398.57
1424114400,398.28
1424115000,397.52
1424115600,397.53
1424116200,397.76
1424116800,397.89
1424117400,397.69
1424118000,397.53
1424118600,397.36
1424119200,398.3
1424119800,399.32
1424120400,399.04
1424121000,399.34
1424121600,399.83
1424122200,400.16
1424122800,399.97
1424123400,399.44
1424124000,399.2
1424124600,399.58
1424125200,400
1424125800,399.74
1424126400,399.65
1424127000,399.69
1424127600,400.04
1424128200,399.72
1424128800,399.7
1424129400,399.98
1424130000,401
1424130600,400.48
1424131200,400.8
1424131800,400.96
1424132400,400.49
1424133000,400.23
1424133600,400.61
1424134200,400.3
1424134800,399.81
1424135400,400.1
1424136000,400.68
1424136600,401.01
1424137200,401.13
1424137800,400.91
1424138400,401.22
1424139000,401.13
1424139600,400.83
1424140200,400.98
1424140800,401.09
1424141400,401.14
1424142000,401.73
1424142600,402.27
1424143200,402.15
1424143800,402.54
1424144400,403.09
1424145000,403.87
1424145600,404.52
1424146200,404.68
1424146800,404.89
1424147400,405
1424148000,404.52
1424148600,404.3
1424149200,404.45
1424149800,404.74
1424150400,404.98
1424151000,405.57
1424151600,405
1424152200,405.07
1424152800,405.59
1424153400,405.47
1424154000,405.42
1424154600,405.46
1424155200,406.25
1424155800,407.57
1424156400,406.31
1424157000,406.5
1424157600,407.34
1424158200,407.01
1424158800,406.04
1424159400,405.8
1424160000,405.82
1424160600,407.28
1424161200,407.4
1424161800,407.86
1424162400,407.3
1424163000,407.15
1424163600,407.12
1424164200,406.65
1424164800,405.88
1424165400,405.82
1424166000,406.73
1424166600,406.59
1424167200,406.59
1424167800,406.15
1424168400,406.14
1424169000,405.73
1424169600,404.98
1424170200,405.02
1424170800,405.06
1424171400,405.89
1424172000,406.2
1424172600,405.85
1424173200,406.23
1424173800,405.24
1424174400,405.44
1424175000,405.63
1424175600,405.56
1424176200,405.71
1424176800,405.96
1424177400,405.53
1424178000,405.89
1424178600,405.95
1424179200,405.9
1424179800,405.72
1424180400,405.53
1424181000,405.54
1424181600,405.41
1424182200,405.12
1424182800,404.81
1424183400,404.16
1424184000,403.92
1424184600,403.19
1424185200,402.02
1424185800,402.92
1424186400,402.98
1424187000,402.49
1424187600,402.3
1424188200,403.14
1424188800,404.18
1424189400,404.61
1424190000,404.82
1424190600,406.3
1424191200,406.3
1424191800,404.55
1424192400,405.19
1424193000,405.66
1424193600,405.29
1424194200,404.12
1424194800,404.37
1424195400,405.03
1424196000,405.01
1424196600,405.08
1424197200,405.97
1424197800,406.53
1424198400,406.91
1424199000,406.05
1424199600,405.22
1424200200,405.83
1424200800,405.29
1424201400,405.15
1424202000,405.12
1424202600,406.22
1424203200,406.38
1424203800,406.06
1424204400,406.29
1424205000,406.41
1424205600,406.39
1424206200,405.9
1424206800,406.36
1424207400,406.42
1424208000,405.86
1424208600,406.63
1424209200,407.54
1424209800,407.67
1424210400,407.23
1424211000,406.11
1424211600,406.37
1424212200,406.61
1424212800,406.68
1424213400,406.62
1424214000,406.5
1424214600,405.89
1424215200,405.25
1424215800,405.22
1424216400,404.86
1424217000,405.56
1424217600,406.47
1424218200,406
1424218800,406.03
1424219400,405.9
1424220000,405.37
1424220600,405.69
1424221200,403.88
1424221800,403.53
1424222400,403.78
1424223000,405.75
1424223600,406.59
1424224200,406.28
1424224800,405.65
1424225400,404.89
1424226000,404.56
1424226600,404.36
1424227200,405.14
1424227800,404.87
1424228400,405.02
1424229000,404.98
1424229600,405.42
1424230200,405.87
1424230800,406.07
1424231400,405.9
1424232000,406.05
1424232600,406.22
1424233200,406.5
1424233800,406.41
1424234400,406.39
1424235000,406.96
1424235600,407.72
1424236200,407.64
1424236800,407.38
1424237400,406.62
1424238000,406.03
1424238600,406.06
1424239200,405.66
1424239800,405.19
1424240400,404.56
1424241000,403.7
1424241600,403.83
1424242200,402.74
1424242800,402.46
1424243400,403.03
1424244000,402.81
1424244600,402.24
1424245200,401.94
1424245800,402.35
1424246400,403.04
1424247000,403.66
1424247600,404.12
1424248200,404.81
1424248800,404.91
1424249400,403.93
1424250000,403.8
1424250600,402.17
1424251200,402.43
1424251800,402.92
1424252400,402.63
1424253000,403.16
1424253600,403.63
1424254200,403.35
1424254800,403.24
1424255400,402.95
1424256000,401.84
1424256600,402.05
1424257200,402.07
1424257800,401.8
1424258400,401.26
1424259000,401.63
1424259600,402.06
1424260200,401.75
1424260800,402.31
1424261400,402.25
1424262000,401.94
1424262600,401.92
1424263200,401.62
1424263800,401.16
1424264400,399.52
1424265000,397.39
1424265600,397.85
1424266200,398.72
1424266800,397.94
1424267400,397.74
1424268000,398.35
1424268600,398.94
1424269200,399.72
1424269800,399.83
1424270400,400
1424271000,400.75
1424271600,401.12
1424272200,401.47
1424272800,401.17
1424273400,400.8
1424274000,400.76
1424274600,401.12
1424275200,400.68
1424275800,400.78
1424276400,400.62
1424277000,399.82
1424277600,399.96
1424278200,400.09
1424278800,399.79
1424279400,400.01
1424280000,399.68
1424280600,400.07
1424281200,400.2
1424281800,400.41
1424282400,399.88
1424283000,399.75
1424283600,398.62
1424284200,397.91
1424284800,397.63
1424285400,397.09
1424286000,396.64
1424286600,397.02
1424287200,397.33
1424287800,397.38
1424288400,397.87
1424289000,398.25
1424289600,397.17
1424290200,397
1424290800,396.78
1424291400,397.8
1424292000,397.22
1424292600,398
1424293200,398.87
1424293800,399.17
1424294400,399.58
1424295000,398.58
1424295600,397.65
1424296200,396.53
1424296800,396.49
1424297400,396.66
1424298000,396.73
1424298600,397.21
1424299200,397.26
1424299800,397.3
1424300400,397.87
1424301000,399.31
1424301600,398.72
1424302200,398.75
1424302800,399.2
1424303400,399.11
1424304000,397.63
1424304600,396.3
1424305200,396.31
1424305800,397.29
1424306400,397.97
1424307000,397.3
1424307600,397.55
1424308200,397.41
1424308800,398.57
1424309400,398.01
1424310000,396.46
1424310600,395.93
1424311200,395.36
1424311800,394.98
1424312400,394.68
1424313000,394.29
1424313600,393.8
1424314200,394.41
1424314800,396.15
1424315400,395.49
1424316000,394.86
1424316600,396.21
1424317200,395.05
1424317800,395.61
1424318400,397.68
1424319000,401.26
1424319600,401.6
1424320200,399.27
1424320800,398.38
1424321400,397.32
1424322000,397.28
1424322600,396.34
1424323200,396.43
1424323800,396.63
1424324400,396.52
1424325000,396.89
1424325600,397.93
1424326200,398.94
1424326800,400.32
1424327400,399.47
1424328000,398.11
1424328600,398.04
1424329200,398.03
1424329800,396.87
1424330400,396.28
1424331000,397.33
1424331600,397.74
1424332200,399.19
1424332800,399.24
1424333400,399.7
1424334000,399.79
1424334600,401.41
1424335200,400.35
1424335800,397.87
1424336400,396.75
1424337000,396.29
1424337600,398.02
1424338200,400.11
1424338800,400.57
1424339400,401.03
1424340000,401.32
1424340600,400.84
1424341200,399.63
1424341800,399.85
1424342400,402.77
1424343000,401.16
1424343600,399.51
1424344200,399.46
1424344800,399.9
1424345400,400.53
1424346000,400.16
1424346600,399.66
1424347200,400.31
1424347800,400.39
1424348400,400.23
1424349000,400.3
1424349600,399.61
1424350200,401.12
1424350800,401.7
1424351400,400.55
1424352000,400.03
1424352600,399.54
1424353200,399.85
1424353800,399.72
1424354400,399.14
1424355000,399.58
1424355600,399.57
1424356200,399.54
1424356800,399.6
1424357400,399.66
1424358000,399.56
1424358600,399.66
1424359200,399.65
1424359800,399.64
1424360400,399.65
1424361000,400.13
1424361600,400.09
1424362200,399.23
1424362800,399.72
1424363400,399.59
1424364000,399.91
1424364600,399.83
1424365200,398.97
1424365800,398.3
1424366400,398.16
1424367000,398.65
1424367600,398.75
1424368200,398.03
1424368800,397.2
1424369400,397.53
1424370000,398.01
1424370600,397.9
1424371200,398.08
1424371800,397.59
1424372400,397.81
1424373000,398.13
1424373600,398.98
1424374200,398.77
1424374800,399.47
1424375400,399.76
1424376000,399.2
1424376600,397.54
1424377200,396.74
1424377800,397.57
1424378400,399.57
1424379000,400.2
1424379600,400.61
1424380200,398.97
1424380800,398.33
1424381400,397.68
1424382000,397.66
1424382600,397.23
1424383200,397.61
1424383800,398.21
1424384400,398.54
1424385000,398.2
1424385600,398.17
1424386200,398.24
1424386800,398.87
1424387400,398.77
1424388000,398.74
1424388600,398.32
1424389200,398.18
1424389800,397.64
1424390400,398.05
1424391000,398.32
1424391600,398.4
1424392200,398.97
1424392800,399.06
1424393400,399.24
1424394000,398.49
1424394600,398.19
1424395200,398.67
1424395800,398.36
1424396400,398.31
1424397000,398.89
1424397600,399.18
1424398200,398.86
1424398800,398.6
1424399400,398.3
1424400000,398.91
1424400600,398.87
1424401200,398.81
1424401800,399
1424402400,398.53
1424403000,397.41
1424403600,396.77
1424404200,396.43
1424404800,396.23
1424405400,396.48
1424406000,397.29
1424406600,399.06
1424407200,399.61
1424407800,399.69
1424408400,398.46
1424409000,398.56
1424409600,398.52
1424410200,398.24
1424410800,398.35
1424411400,397.98
1424412000,399.22
1424412600,399.07
1424413200,399.25
1424413800,398.24
1424414400,398.24
1424415000,397.53
1424415600,396.4
1424416200,396.23
1424416800,396.49
1424417400,396.73
1424418000,396.65
1424418600,396.7
1424419200,396.58
1424419800,396.74
1424420400,396.93
1424421000,396.71
1424421600,396.53
1424422200,396.8
1424422800,397.55
1424423400,397.56
1424424000,397.5
1424424600,397.49
1424425200,397.82
1424425800,398.67
1424426400,399.1
1424427000,399.03
1424427600,398.92
1424428200,398.37
1424428800,398.71
1424429400,398.38
1424430000,397.64
1424430600,397.45
1424431200,397.88
1424431800,397.89
1424432400,398.17
1424433000,398.2
1424433600,398.19
1424434200,397.86
1424434800,398.22
1424435400,398.92
1424436000,398.53
1424436600,398.19
1424437200,397.76
1424437800,397.95
1424438400,398.37
1424439000,397.75
1424439600,397.38
1424440200,397.25
1424440800,397.24
1424441400,397.12
1424442000,396.56
1424442600,396.72
1424443200,396.55
1424443800,396.52
1424444400,395.55
1424445000,394.86
1424445600,394.06
1424446200,393.56
1424446800,394.19
1424447400,394.34
1424448000,394.95
1424448600,395.16
1424449200,394.65
1424449800,393.78
1424450400,393.61
1424451000,393.35
1424451600,393.72
1424452200,394.02
1424452800,393.71
1424453400,393.28
1424454000,393.84
1424454600,394.85
1424455200,395.91
1424455800,395.53
1424456400,394.82
1424457000,394.53
1424457600,394.19
1424458200,394.05
1424458800,394.08
1424459400,394.19
1424460000,394.58
1424460600,395.23
1424461200,395.14
1424461800,394.69
1424462400,394.97
1424463000,394.95
1424463600,394.76
1424464200,393.85
1424464800,393.17
1424465400,392.8
1424466000,392.53
1424466600,392.41
1424467200,392.01
1424467800,391.58
1424468400,391.44
1424469000,391.66
1424469600,391.99
1424470200,392.48
1424470800,392.87
1424471400,393.19
1424472000,393.41
1424472600,393.51
1424473200,393.45
1424473800,393.45
1424474400,393.36
1424475000,394.01
1424475600,394.39
1424476200,394.38
1424476800,394.45
1424477400,393.86
1424478000,393.05
1424478600,392.63
1424479200,391.87
1424479800,391.75
1424480400,392.32
1424481000,392.5
1424481600,391.97
1424482200,391.49
1424482800,391.67
1424483400,391.87
1424484000,391.85
1424484600,392.12
1424485200,393.2
1424485800,393.52
1424486400,392.9
1424487000,392.09
1424487600,392.3
1424488200,392.78
1424488800,392.64
1424489400,391.3
1424490000,391.15
1424490600,391.86
1424491200,390.83
1424491800,389.92
1424492400,390.15
1424493000,390.97
1424493600,390.22
1424494200,390.14
1424494800,391.14
1424495400,391.59
1424496000,391.81
1424496600,392.67
1424497200,392.5
1424497800,392.3
1424498400,392.35
1424499000,392.43
1424499600,392.7
1424500200,392.77
1424500800,392.7
1424501400,392.96
1424502000,393.69
1424502600,394.84
1424503200,395.81
1424503800,395.75
1424504400,395.47
1424505000,394.69
1424505600,394.88
1424506200,394.68
1424506800,393.84
1424507400,392.48
1424508000,392.98
1424508600,393.08
1424509200,393.5
1424509800,392.3
1424510400,392.59
1424511000,392.51
1424511600,392.81
1424512200,392.54
1424512800,392.62
1424513400,392.15
1424514000,392.82
1424514600,393.63
1424515200,392.93
1424515800,393.26
1424516400,392.97
1424517000,392.79
1424517600,392.74
1424518200,392.33
1424518800,391.76
1424519400,391.64
1424520000,392.28
1424520600,392.23
1424521200,391.56
1424521800,391.55
1424522400,391.41
1424523000,391.01
1424523600,391.4
1424524200,392.33
1424524800,392.65
1424525400,392.82
1424526000,392.7
1424526600,392.58
1424527200,392.97
1424527800,391.69
1424528400,391.77
1424529000,392.61
1424529600,392.55
1424530200,392.37
1424530800,391.13
1424531400,390.56
1424532000,390.08
1424532600,389.52
1424533200,389.38
1424533800,389.48
1424534400,389.91
1424535000,389.86
1424535600,389.59
1424536200,389.4
1424536800,389.04
1424537400,389.46
1424538000,389.93
1424538600,389.09
1424539200,389.08
1424539800,389.08
1424540400,389.17
1424541000,390.1
1424541600,391.17
1424542200,391.21
1424542800,390.65
1424543400,390.6
1424544000,389.79
1424544600,389.83
1424545200,389.18
1424545800,389
1424546400,389.07
1424547000,390.06
1424547600,391.42
1424548200,392.57
1424548800,392.54
1424549400,393.19
1424550000,393.48
1424550600,393.52
1424551200,393.69
1424551800,392.95
1424552400,391.64
1424553000,391.13
1424553600,392
1424554200,392.13
1424554800,391.64
1424555400,391.16
1424556000,390.8
1424556600,391.05
1424557200,391.21
1424557800,390.73
1424558400,390.56
1424559000,390.73
1424559600,390.83
1424560200,390.6
1424560800,390.59
1424561400,391.12
1424562000,391.3
1424562600,391.52
1424563200,392.27
1424563800,392.58
1424564400,393.12
1424565000,393.19
1424565600,392.93
1424566200,393.68
1424566800,393.06
1424567400,393.08
1424568000,392.7
1424568600,392.6
1424569200,392.62
1424569800,391.86
1424570400,391.43
1424571000,390.26
1424571600,389.93
1424572200,390.32
1424572800,391.08
1424573400,392.26
1424574000,392.56
1424574600,392.53
1424575200,392.41
1424575800,392.33
1424576400,392.63
1424577000,391.77
1424577600,391.43
1424578200,391.47
1424578800,391.53
1424579400,391.58
1424580000,391.45
1424580600,390.43
1424581200,390.07
1424581800,391.09
1424582400,391.2
1424583000,392.08
1424583600,391.36
1424584200,390.93
1424584800,390.65
1424585400,389.89
1424586000,388.36
1424586600,388.19
1424587200,387.79
1424587800,387.67
1424588400,388.2
1424589000,388.21
1424589600,388.1
1424590200,388.13
1424590800,387.72
1424591400,387.21
1424592000,386.92
1424592600,386.7
1424593200,386.44
1424593800,385.4
1424594400,384.09
1424595000,383.74
1424595600,383.86
1424596200,383.57
1424596800,383.01
1424597400,382.69
1424598000,382.93
1424598600,382.45
1424599200,381.74
1424599800,381.24
1424600400,381.54
1424601000,381.6
1424601600,381.44
1424602200,381.34
1424602800,381.42
1424603400,381.96
1424604000,382.23
1424604600,381.53
1424605200,380.42
1424605800,379.34
1424606400,378.61
1424607000,378.93
1424607600,378.82
1424608200,378.95
1424608800,379.43
1424609400,379.61
1424610000,379.55
1424610600,379.11
1424611200,378.65
1424611800,377.84
1424612400,377.78
1424613000,378.28
1424613600,377.96
1424614200,377.21
1424614800,378.51
1424615400,380.66
1424616000,379.35
1424616600,377.54
1424617200,377.47
1424617800,378.85
1424618400,378.94
1424619000,376.75
1424619600,377.18
1424620200,377.45
1424620800,378.08
1424621400,375.87
1424622000,374.29
1424622600,374.53
1424623200,374.77
1424623800,374.99
1424624400,374.28
1424625000,374.17
1424625600,375.34
1424626200,374.4
1424626800,374.37
1424627400,373.05
1424628000,373.53
1424628600,373.21
1424629200,373.4
1424629800,372.82
1424630400,372.76
1424631000,372.84
1424631600,372.21
1424632200,371.69
1424632800,371.91
1424633400,372.31
1424634000,372.98
1424634600,374.44
1424635200,373.06
1424635800,373.76
1424636400,373.71
1424637000,372.75
1424637600,372.54
1424638200,371.56
1424638800,371.65
1424639400,372.07
1424640000,372.56
1424640600,373.02
1424641200,372.19
1424641800,372.8
1424642400,372.46
1424643000,371.82
1424643600,372.33
1424644200,373
1424644800,373.59
1424645400,374.09
1424646000,373.85
1424646600,373.02
1424647200,372.27
1424647800,372.11
1424649600,372.73
1424650200,372.71
1424650800,372.99
1424651400,373.61
1424652000,374.72
1424652600,374.61
1424653200,374.93
1424653800,374.32
1424654400,374.77
1424655000,375.82
1424655600,375.34
1424656200,374.54
1424656800,373.45
1424657400,373.38
1424658000,374.49
1424658600,373.56
1424659200,373.17
1424659800,373.35
1424660400,373.07
1424661000,371.82
1424661600,371.47
1424662200,372.44
1424662800,371.33
1424663400,369.25
1424664000,369.77
1424664600,370.97
1424665200,371.36
1424665800,369.85
1424666400,369.57
1424667000,369.91
1424667600,370.05
1424668200,369.91
1424668800,369.19
1424669400,369.21
1424670000,368.85
1424670600,369.11
1424671200,369.17
1424671800,369
1424672400,369.5
1424673000,370.71
1424673600,371.5
1424674200,370.03
1424674800,369.91
1424675400,370.24
1424676000,370.8
1424676600,369.72
1424677200,369.34
1424677800,369.25
1424678400,368.77
1424679000,368.1
1424679600,367.76
1424680200,367.66
1424680800,367.09
1424681400,366.99
1424682000,368.3
1424682600,369.06
1424683200,369.94
1424683800,370.05
1424684400,369.17
1424685000,370.21
1424685600,370.88
1424686200,369.7
1424686800,369.74
1424687400,369.09
1424688000,367.77
1424688600,367.08
1424689200,368.02
1424689800,368.64
1424690400,367.81
1424691000,367.01
1424691600,366.58
1424692200,366.95
1424692800,367.62
1424693400,368.35
1424694000,369.33
1424694600,370.11
1424695200,369.35
1424695800,368.91
1424696400,369.39
1424697000,370.15
1424697600,370.37
1424698200,371.13
1424698800,371.6
1424699400,371.31
1424700000,371.82
1424700600,371.7
1424701200,371.11
1424701800,370.91
1424702400,371.88
1424703000,371.87
1424703600,371.36
1424704200,371.78
1424704800,372.36
1424705400,372.12
1424706000,371.88
1424706600,372.55
1424707200,373.11
1424707800,373.42
1424708400,372.75
1424709000,373.12
1424709600,373.48
1424710200,373.98
1424710800,374.02
1424711400,375.02
1424712000,375.91
1424712600,374.36
1424713200,373.29
1424713800,372.14
1424714400,371.35
1424715000,371.22
1424715600,371.5
1424716200,371.14
1424716800,371.19
1424717400,371.11
1424718000,371.2
1424718600,370.87
1424719200,369.56
1424719800,369.18
1424720400,368.41
1424721000,368.36
1424721600,368
1424722200,367.23
1424722800,368.17
1424723400,368.89
1424724000,369.1
1424724600,370.21
1424725200,371.03
1424725800,371.54
1424726400,371.32
1424727000,371.45
1424727600,371.98
1424728200,369.76
1424728800,367.74
1424729400,368.37
1424730000,368.56
1424730600,367.54
1424731200,366.15
1424731800,365.96
1424732400,366.28
1424733000,368.47
1424733600,368.79
1424734200,368.2
1424734800,366.82
1424735400,367.02
1424736000,367.6
1424736600,367.94
1424737200,367.43
1424737800,366.62
1424738400,366.69
1424739000,367.84
1424739600,369.62
1424740200,370.47
1424740800,369.7
1424741400,369.5
1424742000,368.75
1424742600,369.45
1424743200,369.82
1424743800,371.07
1424744400,371.74
1424745000,371.35
1424745600,371.98
1424746200,372.56
1424746800,372.66
1424747400,373.84
1424748000,374.36
1424748600,375.3
1424749200,374.37
1424749800,374.53
1424750400,375.35
1424751000,375.26
1424751600,374.06
1424752200,374.23
1424752800,374.87
1424753400,374.9
1424754000,374.59
1424754600,373.88
1424755200,373.27
1424755800,372.94
1424756400,371.99
1424757000,371.37
1424757600,371.77
1424758200,373.4
1424758800,373.51
1424759400,372.1
1424760000,372.78
1424760600,373.83
1424761200,373.78
1424761800,373.14
1424762400,372.98
1424763000,372.82
1424763600,372.94
1424764200,373.29
1424764800,373.83
1424765400,374.07
1424766000,375.54
1424766600,375.11
1424767200,375.94
1424767800,377.24
1424768400,377.95
1424769000,378.2
1424769600,379.44
1424770200,379.21
1424770800,379.75
1424771400,379.29
1424772000,380.42
1424772600,379.71
1424773200,379.98
1424773800,382.44
1424774400,383.28
1424775000,381.79
1424775600,382.69
1424776200,383.55
1424776800,382.36
1424777400,382.68
1424778000,381.93
1424778600,382.2
1424779200,381.79
1424779800,382.15
1424780400,383.11
1424781000,383.73
1424781600,384.28
1424782200,385.04
1424782800,385.94
1424783400,387.38
1424784000,388.31
1424784600,387.88
1424785200,387.96
1424785800,389.07
1424786400,388.46
1424787000,388.28
1424787600,388.68
1424788200,389.33
1424788800,390.06
1424789400,389.97
1424790000,390.33
1424790600,390.35
1424791200,392.54
1424791800,390.99
1424792400,389.41
1424793000,390.31
1424793600,392.73
1424794200,394.96
1424794800,395.43
1424795400,395.54
1424796000,394.82
1424796600,394.67
1424797200,396.57
1424797800,394.05
1424798400,392.77
1424799000,394.1
1424799600,397.09
1424800200,395.89
1424800800,396.86
1424801400,395.36
1424802000,393.31
1424802600,393.07
1424803200,393.93
1424803800,393.92
1424804400,392.06
1424805000,390.52
1424805600,393.08
1424806200,391.92
1424806800,392.33
1424807400,392.89
1424808000,392.02
1424808600,393.95
1424809200,396.13
1424809800,394.21
1424810400,396.73
1424811000,398.19
1424811600,396.89
1424812200,395.58
1424812800,396.5
1424813400,396.65
1424814000,395.55
1424814600,395.68
1424815200,399.01
1424815800,396.41
1424816400,398.56
1424817000,399.08
1424817600,398.84
1424818200,398.22
1424818800,397.65
1424819400,398.25
1424820000,401.23
1424820600,403.57
1424821200,406.56
1424821800,406.76
1424822400,402.69
1424823000,401.75
1424823600,401.59
1424824200,397.35
1424824800,393.65
1424825400,393.53
1424826000,393.34
1424826600,393.77
1424827200,394
1424827800,395.2
1424828400,396.36
1424829000,397.79
1424829600,399.13
1424830200,399.14
1424830800,405.87
1424831400,408.55
1424832000,406.49
1424832600,406.27
1424833200,405.02
1424833800,402.71
1424834400,402.41
1424835000,402.85
1424835600,401.48
1424836200,401.79
1424836800,402.94
1424837400,402.84
1424838000,402.04
1424838600,402.96
1424839200,402
1424839800,401.8
1424840400,402.78
1424841000,401.46
1424841600,401.93
1424842200,402.32
1424842800,403.72
1424843400,405.77
1424844000,405.18
1424844600,403.63
1424845200,400.17
1424845800,401.44
1424846400,402.56
1424847000,400.06
1424847600,402.93
1424848200,399.97
1424848800,404.13
1424849400,404.17
1424850000,400.99
1424850600,400.96
1424851200,400.37
1424851800,398.46
1424852400,397.71
1424853000,401.01
1424853600,402.83
1424854200,403.34
1424854800,406.44
1424855400,405.06
1424856000,405.13
1424856600,409.01
1424857200,409.5
1424857800,406.22
1424858400,407.89
1424859000,409.36
1424859600,408.31
1424860200,410.87
1424860800,412.15
1424861400,412.12
1424862000,411.22
1424862600,409.32
1424863200,408.49
1424863800,403.95
1424864400,403.57
1424865000,400.56
1424865600,401.01
1424866200,398.94
1424866800,401.46
1424867400,401.48
1424868000,403.66
1424868600,406.01
1424869200,406.74
1424869800,407.28
1424870400,406.08
1424871000,404.07
1424871600,403.47
1424872200,404.37
1424872800,405.04
1424873400,405.14
1424874000,407.08
1424874600,409.19
1424875200,408.24
1424875800,410.44
1424876400,414.5
1424877000,416.9
1424877600,413.92
1424878200,415.86
1424878800,419.11
1424879400,420.53
1424880000,415.15
1424880600,411.83
1424881200,411.71
1424881800,415.83
1424882400,413.92
1424883000,413.6
1424883600,413.5
1424884200,413.02
1424884800,410.36
1424885400,408.75
1424886000,409.53
1424886600,410.18
1424887200,415.13
1424887800,417.66
1424888400,412.64
1424889000,409.69
1424889600,411.54
1424890200,409.2
1424890800,403.79
1424891400,401.83
1424892000,405.64
1424892600,408.6
1424893200,405.59
1424893800,403.74
1424894400,403.83
1424895000,405.72
1424895600,403.88
1424896200,400.78
1424896800,401.68
1424897400,406.33
1424898000,413.4
1424898600,420.13
1424899200,420.22
1424899800,416.33
1424900400,417.33
1424901000,422.71
1424901600,421.27
1424902200,418.05
1424902800,418.09
1424903400,419.52
1424904000,417.35
1424904600,413.96
1424905200,412.12
1424905800,411.18
1424906400,414.46
1424907000,417.26
1424907600,421.27
1424908200,416.7
1424908800,412.52
1424909400,410.18
1424910000,408.38
1424910600,407.42
1424911200,404.72
1424911800,404.25
1424912400,404.27
1424913000,404.18
1424913600,405.75
1424914200,408.03
1424914800,406.05
1424915400,406.51
1424916000,408.15
1424916600,416.62
1424917200,412.93
1424917800,411.01
1424918400,409.06
1424919000,412.01
1424919600,414.26
1424920200,410.4
1424920800,410.45
1424921400,407.63
1424922000,410.18
1424922600,408.77
1424923200,409.16
1424923800,410.41
1424924400,413.07
1424925000,411.22
1424925600,411.58
1424926200,411.91
1424926800,408.77
1424927400,409.68
1424928000,409.15
1424928600,406.8
1424929200,408.45
1424929800,408.65
1424930400,406.47
1424931000,405.4
1424931600,408.14
1424932200,409.34
1424932800,410.06
1424933400,408.61
1424934000,409.66
1424934600,414.54
1424935200,410.86
1424935800,415.13
1424936400,408.06
1424937000,411.14
1424937600,411.44
1424938200,410.5
1424938800,414
1424939400,417.48
1424940000,417.49
1424940600,416.94
1424941200,415.85
1424941800,416.75
1424942400,416.13
1424943000,411.62
1424943600,411.48
1424944200,412.21
1424944800,413.43
1424945400,410.11
1424946000,409.38
1424946600,410.26
1424947200,409.58
1424947800,411.5
1424948400,411.09
1424949000,410.05
1424949600,407.37
1424950200,408.45
1424950800,406.43
1424951400,404.7
1424952000,405.35
1424952600,408.82
1424953200,407.18
1424953800,406.64
1424954400,409.38
1424955000,409.3
1424955600,408.88
1424956200,409.42
1424956800,410.77
1424957400,407.58
1424958000,410.12
1424958600,415.57
1424959200,413.53
1424959800,411.69
1424960400,411.31
1424961000,411.36
1424961600,411.46
1424962200,411.36
1424962800,411.1
1424963400,408.39
1424964000,408.25
1424964600,413.69
1424965200,406.68
1424965800,407.82
1424966400,410.15
1424967000,408.23
1424967600,407.59
1424968200,408.03
1424968800,409.46
1424969400,406.58
1424970000,408.01
1424970600,408.57
1424971200,410.13
1424971800,410.01
1424972400,409.36
1424973000,408.51
1424973600,407.36
1424974200,409.9
1424974800,409.31
1424975400,407.06
1424976000,406.18
1424976600,404.68
1424977200,402.17
1424977800,400.81
1424978400,401.25
1424979000,401.44
1424979600,400.84
1424980200,402.59
1424980800,403.17
1424981400,403.18
1424982000,403.29
1424982600,403.85
1424983200,403.63
1424983800,402.62
1424984400,402.01
1424985000,400.07
1424985600,399.26
1424986200,400.98
1424986800,401.36
1424987400,401.42
1424988000,400.7
1424988600,400.96
1424989200,400.73
1424989800,401.04
1424990400,403.24
1424991000,405.52
1424991600,406.75
1424992200,407.59
1424992800,407.13
1424993400,406.6
1424994000,408.24
1424994600,408.72
1424995200,406.56
1424995800,405.21
1424996400,405.41
1424997000,405.68
1424997600,406.13
1424998200,405.76
1424998800,404.32
1424999400,402.02
1425000000,401.18
1425000600,400.51
1425001200,401.41
1425001800,402.37
1425002400,400.77
1425003000,399.15
1425003600,400.24
1425004200,403.31
1425004800,406.31
1425005400,408.52
1425006000,411.22
1425006600,413.13
1425007200,412.73
1425007800,412.14
1425008400,410.25
1425009000,411.82
1425009600,412.04
1425010200,411.58
1425010800,412.16
1425011400,412.32
1425012000,412.05
1425012600,410.73
1425013200,410.06
1425013800,409.89
1425014400,410.01
1425015000,411.49
1425015600,411.47
1425016200,410.9
1425016800,411.73
1425017400,412.14
1425018000,413.32
1425018600,414.56
1425019200,414.71
1425019800,415.05
1425020400,415.68
1425021000,414.35
1425021600,412.98
1425022200,415.21
1425022800,413.19
1425023400,412.89
1425024000,414.59
1425024600,414.71
1425025200,414.57
1425025800,413.67
1425026400,414.02
1425027000,415.65
1425027600,415.1
1425028200,414.52
1425028800,416.98
1425029400,417.51
1425030000,417.34
1425030600,416.62
1425031200,416.12
1425031800,417.18
1425032400,417.14
1425033000,417.35
1425033600,417.83
1425034200,417.61
1425034800,417
1425035400,418.58
1425036000,417.62
1425036600,417.93
1425037200,418.93
1425037800,420.36
1425038400,419.94
1425039000,418.93
1425039600,417.55
1425040200,416.2
1425040800,415.51
1425041400,415.48
1425042000,416.13
1425042600,417.19
1425043200,417.29
1425043800,417.52
1425044400,418.81
1425045000,419.49
1425045600,420.35
1425046200,418.84
1425046800,416.54
1425047400,416.91
1425048000,417.84
1425048600,418.55
1425049200,417.62
1425049800,416.8
1425050400,416.11
1425051000,417.14
1425051600,419.33
1425052200,414.39
1425052800,414.3
1425053400,413.08
1425054000,414.5
1425054600,413.08
1425055200,413.56
1425057600,415.11
1425058200,415.91
1425058800,419.42
1425059400,420.68
1425060000,422.02
1425060600,420.48
1425061200,418.28
1425061800,418.03
1425062400,418.35
1425063000,416.37
1425063600,418.1
1425064200,422.01
1425064800,424.95
1425065400,427.29
1425066000,426.15
1425066600,425.4
1425067200,425.28
1425067800,425.41
1425068400,424.51
1425069000,424.14
1425069600,425.82
1425070200,426.44
1425070800,426.06
1425071400,424.48
1425072000,425.11
1425072600,425.76
1425073200,425
1425073800,425.9
1425074400,425.78
1425075000,426.5
1425075600,426.76
1425076200,429.93
1425076800,431.35
1425077400,432.36
1425078000,434.15
1425078600,433.99
1425079200,432.12
1425079800,430.67
1425080400,431.12
1425081000,433.6
1425081600,431.13
1425082200,432.15
1425082800,432.26
1425083400,432.99
1425084000,435.35
1425084600,437.74
1425085200,437.04
1425085800,436.46
1425086400,438.23
1425087000,437.4
1425087600,435.89
1425088200,433.18
1425088800,430.78
1425089400,432.91
1425090000,433.68
1425090600,434.6
1425091200,434.9
1425091800,435.8
1425092400,434.12
1425093000,434.55
1425093600,432.28
1425094200,431.72
1425094800,430.83
1425095400,429.53
1425096000,429.33
1425096600,429.37
1425097200,429.9
1425097800,430.47
1425098400,429.4
1425099000,429.82
1425099600,431.95
1425100200,432.36
1425100800,433.5
1425101400,435.03
1425102000,435.54
1425102600,434.04
1425103200,434.84
1425103800,434.73
1425104400,435.22
1425105000,434.25
1425105600,432.18
1425106200,433.19
1425106800,433.85
1425107400,432.68
1425108000,433.12
1425108600,431.03
1425109200,431.81
1425109800,432.27
1425110400,431.02
1425111000,431.85
1425111600,433.56
1425112200,432.47
1425112800,430.8
1425113400,429.91
1425114000,431.14
1425114600,431.13
1425115200,433.21
1425115800,434.39
1425116400,431.85
1425117000,431.43
1425117600,432
1425118200,432.13
1425118800,431.76
1425119400,432.26
1425120000,433.55
1425120600,434.34
1425121200,433.47
1425121800,435.16
1425122400,435.9
1425123000,437.71
1425123600,437.18
1425124200,436.4
1425124800,436.26
1425125400,438.17
1425126000,436.54
1425126600,435.44
1425127200,436.18
1425127800,437.04
1425128400,434.52
1425129000,434.02
1425129600,436.01
1425130200,436.11
1425130800,437.9
1425131400,437.62
1425132000,438.26
1425132600,439.9
1425133200,439.12
1425133800,438.53
1425134400,437.81
1425135000,438.33
1425135600,437.56
1425136200,435.56
1425136800,436.29
1425137400,437.22
1425138000,436.24
1425138600,436.29
1425139200,435.27
1425139800,434.7
1425140400,436.01
1425141000,435.54
1425141600,433.81
1425142200,431.34
1425142800,429.89
1425143400,429.31
1425144000,429.44
1425144600,429.67
1425145200,428.25
1425145800,428.84
1425146400,428.2
1425147000,430.07
1425147600,430.68
1425148200,426.45
1425148800,427.09
1425149400,426.96
1425150000,427.05
1425150600,423.98
1425151200,427.52
1425151800,426.81
1425152400,425.15
1425153000,424.2
1425153600,423.17
1425154200,424.2
1425154800,423.26
1425155400,426.31
1425156000,428.64
1425156600,428.4
1425157200,429.27
1425157800,430.23
1425158400,431.34
1425159000,432.4
1425159600,435.64
1425160200,435.67
1425160800,434.08
1425161400,431.41
1425162000,432.33
1425162600,430.54
1425163200,428.81
1425163800,430.81
1425164400,428.6
1425165000,425.74
1425165600,424.67
1425166200,423.34
1425166800,423.17
1425167400,425.05
1425168000,423.58
1425168600,422.61
1425169200,424.47
1425169800,426.76
1425170400,425.2
1425171000,424.17
1425171600,424.64
1425172200,424.75
1425172800,426.65
1425173400,427.72
1425174000,429.09
1425174600,428.35
1425175200,426.67
1425175800,427.28
1425176400,428.95
1425177000,427.22
1425177600,428.43
1425178200,428.25
1425178800,428.5
1425179400,429.19
1425180000,429.7
1425180600,429.09
1425181200,428.7
1425181800,428.53
1425182400,428.43
1425183000,429.73
1425183600,429.37
1425184200,429.86
1425184800,429.87
1425185400,430
1425186000,429.16
1425186600,428.3
1425187200,429.21
1425187800,431.96
1425188400,430.87
1425189000,430.87
1425189600,433.59
1425190200,435.17
1425190800,436.1
1425191400,438.25
1425192000,432.09
1425192600,429.7
1425193200,433.11
1425193800,435.94
1425194400,437.55
1425195000,436.8
1425195600,432.51
1425196200,428.07
1425196800,426.1
1425197400,425.37
1425198000,427.21
1425198600,424.21
1425199200,424.63
1425199800,426.84
1425200400,431.3
1425201000,423.81
1425201600,420.42
1425202200,419.24
1425202800,421.81
1425203400,420.83
1425204000,422.13
1425204600,421.15
1425205200,419.89
1425205800,420.37
1425206400,421.09
1425207000,419.32
1425207600,418.91
1425208200,422.42
1425208800,419.92
1425209400,418.03
1425210000,422
1425210600,420.08
1425211200,417.54
1425211800,418.36
1425212400,416.14
1425213000,413.64
1425213600,413.02
1425214200,414.63
1425214800,413.28
1425215400,416.12
1425216000,411.56
1425216600,414.4
1425217200,410.7
1425217800,413.38
1425218400,414.56
1425219000,414.06
1425219600,407.71
1425220200,410.55
1425220800,416.22
1425221400,411.17
1425222000,413.57
1425222600,415.92
1425223200,415.21
1425223800,418.24
1425224400,420.47
1425225000,425.86
1425225600,424.71
1425226200,422.37
1425226800,427
1425227400,427.49
1425228000,426.03
1425228600,425.44
1425229200,423.63
1425229800,423.17
1425230400,423.34
1425231000,423.2
1425231600,424.69
1425232200,426.93
1425232800,422.77
1425233400,423.92
1425234000,425.4
1425234600,421.83
1425235200,421.26
1425235800,420.92
1425236400,422.61
1425237000,423.91
1425237600,422.75
1425238200,423.56
1425238800,422.32
1425239400,420.12
1425240000,422.55
1425240600,425.88
1425241200,420.51
1425241800,415.73
1425242400,415.77
1425243000,415.41
1425243600,419.4
1425244200,420.6
1425244800,420.57
1425245400,418.04
1425246000,417.97
1425246600,420.13
1425247200,423.79
1425247800,421.31
1425248400,421.04
1425249000,421.96
1425249600,422.82
1425250200,421.66
1425250800,427.13
1425251400,429.52
1425252000,434.61
1425252600,439.03
1425253200,438.89
1425253800,435.11
1425254400,432.29
1425255000,432
1425255600,433.18
1425256200,428.79
1425256800,424.71
1425257400,423.01
1425258000,421.26
1425258600,421.5
1425259200,423.59
1425259800,415.99
1425260400,412.24
1425261000,412.33
1425261600,410.71
1425262200,414.18
1425262800,413.68
1425263400,410.81
1425264000,409.05
1425264600,413.7
1425265200,420.23
1425265800,419.36
1425266400,417.57
1425267000,416.58
1425267600,417.65
1425268200,417.63
1425268800,420.59
1425269400,421.03
1425270000,420.63
1425270600,419.88
1425271200,420.81
1425271800,420.97
1425272400,416.1
1425273000,414.28
1425273600,417.17
1425274200,421.25
1425274800,421.14
1425275400,417.57
1425276000,422.24
1425276600,424.05
1425277200,425.69
1425277800,426.73
1425278400,428.11
1425279000,429.22
1425279600,427.33
1425280200,426.68
1425280800,429.36
1425281400,423.61
1425282000,422.12
1425282600,424.95
1425283200,426.19
1425283800,422.13
1425284400,420.92
1425285000,423.57
1425285600,424.73
1425286200,427.05
1425286800,428.85
1425287400,428.81
1425288000,433.6
1425288600,433.14
1425289200,432.46
1425289800,431.98
1425290400,429.89
1425291000,429.15
1425291600,428.5
1425292200,429.52
1425292800,427.72
1425293400,428.48
1425294000,432.3
1425294600,434.6
1425295200,435.86
1425295800,432.19
1425296400,431.09
1425297000,436.05
1425297600,440.95
1425298200,439.83
1425298800,434.18
1425299400,433.31
1425300000,432.46
1425300600,432.47
1425301200,433.26
1425301800,431.65
1425302400,435.61
1425303000,427.15
1425303600,423.26
1425304200,424.94
1425304800,425.65
1425305400,428.27
1425306000,426.75
1425306600,422.99
1425307200,421.98
1425307800,423.8
1425308400,422.64
1425309000,423.59
1425309600,424.54
1425310200,427.06
1425310800,426.26
1425311400,428.15
1425312000,428.52
1425312600,428.07
1425313200,431.77
1425313800,432.03
1425314400,432.08
1425315000,434.13
1425315600,437.82
1425316200,437.79
1425316800,438.66
1425317400,441.98
1425318000,444.58
1425318600,443.31
1425319200,443.86
1425319800,441.85
1425320400,440.25
1425321000,437.69
1425321600,441.18
1425322200,440.69
1425322800,435.67
1425323400,433.01
1425324600,432.54
