1423864800,0.48
1423869000,0.46
1423870200,0.47
1423870800,0.47
1423871400,0.47
1423872000,0.47
1423872600,0.47
1423873200,0.47
1423873800,0.47
1423874400,0.47
1423875000,0.47
1423875600,0.47
1423876200,0.47
1423876800,0.48
1423877400,0.48
1423878000,0.48
1423878600,0.47
1423879200,0.46
1423879800,0.45
1423880400,0.45
1423881000,0.44
1423881600,0.44
1423882200,0.43
1423882800,0.44
1423883400,0.45
1423884000,0.46
1423884600,0.47
1423885200,0.47
1423885800,0.48
1423886400,0.5
1423887000,0.5
1423887600,0.51
1423888200,0.5
1423888800,0.5
1423889400,0.5
1423890000,0.49
1423890600,0.49
1423891200,0.49
1423891800,0.49
1423892400,0.5
1423893000,0.5
1423893600,0.51
1423894200,0.51
1423894800,0.51
1423895400,0.53
1423896000,0.55
1423896600,0.58
1423897200,0.6
1423897800,0.62
1423898400,0.65
1423899000,0.66
1423899600,0.65
1423902000,0.64
1423902600,0.62
1423903200,0.61
1423903800,0.58
1423904400,0.58
1423905000,0.57
1423905600,0.56
1423906200,0.55
1423906800,0.56
1423907400,0.56
1423908000,0.57
1423908600,0.56
1423909200,0.55
1423909800,0.55
1423910400,0.56
1423911000,0.54
1423911600,0.54
1423912200,0.53
1423912800,0.54
1423913400,0.55
1423914000,0.56
1423914600,0.55
1423915200,0.53
1423915800,0.52
1423916400,0.52
1423917000,0.5
1423917600,0.51
1423918200,0.52
1423918800,0.53
1423919400,0.54
1423920000,0.54
1423920600,0.54
1423921200,0.53
1423921800,0.54
1423922400,0.55
1423923000,0.54
1423923600,0.53
1423924200,0.53
1423924800,0.54
1423925400,0.53
1423926000,0.53
1423926600,0.52
1423927200,0.5
1423927800,0.5
1423928400,0.49
1423929000,0.5
1423929600,0.48
1423930200,0.46
1423930800,0.45
1423931400,0.45
1423932000,0.45
1423932600,0.44
1423933200,0.44
1423933800,0.44
1423934400,0.44
1423935000,0.44
1423935600,0.45
1423936200,0.44
1423936800,0.42
1423937400,0.42
1423938000,0.43
1423938600,0.44
1423939200,0.46
1423939800,0.46
1423940400,0.47
1423941000,0.47
1423941600,0.48
1423942200,0.47
1423942800,0.45
1423943400,0.46
1423944000,0.47
1423944600,0.47
1423945200,0.48
1423945800,0.49
1423946400,0.5
1423947000,0.51
1423947600,0.52
1423948200,0.52
1423948800,0.53
1423949400,0.55
1423950000,0.57
1423950600,0.56
1423951200,0.58
1423951800,0.57
1423952400,0.58
1423953000,0.6
1423953600,0.6
1423954200,0.6
1423954800,0.63
1423955400,0.62
1423956000,0.59
1423956600,0.61
1423957200,0.6
1423957800,0.6
1423958400,0.57
1423959000,0.57
1423959600,0.56
1423960200,0.56
1423960800,0.58
1423961400,0.58
1423962000,0.59
1423962600,0.6
1423963200,0.6
1423963800,0.59
1423964400,0.58
1423965000,0.59
1423965600,0.6
1423966200,0.61
1423966800,0.61
1423967400,0.6
1423968000,0.59
1423968600,0.6
1423969200,0.6
1423969800,0.62
1423970400,0.61
1423971000,0.62
1423971600,0.63
1423972200,0.63
1423972800,0.62
1423973400,0.63
1423974000,0.64
1423974600,0.64
1423975200,0.61
1423975800,0.61
1423976400,0.61
1423977000,0.61
1423977600,0.59
1423978200,0.58
1423978800,0.59
1423979400,0.6
1423980000,0.6
1423980600,0.61
1423981200,0.62
1423981800,0.61
1423982400,0.61
1423983000,0.62
1423983600,0.62
1423984200,0.63
1423984800,0.63
1423985400,0.63
1423986000,0.65
1423986600,0.65
1423987200,0.65
1423987800,0.62
1423988400,0.62
1423989000,0.64
1423989600,0.62
1423990200,0.62
1423990800,0.62
1423991400,0.63
1423992000,0.63
1423992600,0.63
1423993200,0.62
1423993800,0.61
1423994400,0.59
1423995000,0.59
1423995600,0.59
1423996200,0.58
1423996800,0.57
1423997400,0.58
1423998000,0.62
1423998600,0.63
1423999200,0.64
1423999800,0.64
1424000400,0.64
1424001000,0.64
1424001600,0.64
1424002200,0.65
1424002800,0.66
1424003400,0.65
1424004000,0.67
1424004600,0.7
1424005200,0.72
1424005800,0.71
1424006400,0.71
1424007000,0.72
1424007600,0.72
1424008200,0.72
1424008800,0.71
1424009400,0.73
1424010000,0.75
1424010600,0.73
1424011200,0.73
1424011800,0.72
1424012400,0.69
1424013000,0.7
1424013600,0.7
1424014200,0.71
1424014800,0.73
1424015400,0.75
1424016000,0.77
1424016600,0.77
1424017200,0.75
1424017800,0.74
1424018400,0.7
1424019000,0.69
1424019600,0.7
1424020200,0.71
1424020800,0.73
1424021400,0.74
1424022000,0.75
1424022600,0.74
1424023200,0.74
1424023800,0.76
1424024400,0.75
1424025000,0.74
1424025600,0.73
1424026200,0.74
1424026800,0.76
1424027400,0.75
1424028000,0.74
1424028600,0.74
1424029200,0.74
1424029800,0.74
1424030400,0.74
1424031000,0.74
1424031600,0.73
1424032200,0.73
1424032800,0.71
1424033400,0.71
1424034000,0.71
1424034600,0.7
1424035200,0.71
1424035800,0.71
1424036400,0.71
1424037000,0.7
1424037600,0.69
1424038200,0.68
1424038800,0.69
1424039400,0.69
1424040000,0.69
1424040600,0.67
1424041200,0.67
1424041800,0.68
1424042400,0.69
1424043000,0.69
1424043600,0.69
1424044200,0.69
1424044800,0.7
1424045400,0.71
1424046000,0.73
1424046600,0.72
1424047200,0.72
1424047800,0.72
1424048400,0.72
1424049000,0.72
1424049600,0.73
1424050200,0.73
1424050800,0.74
1424051400,0.73
1424052000,0.74
1424052600,0.75
1424053200,0.75
1424053800,0.75
1424054400,0.73
1424055000,0.73
1424055600,0.75
1424056200,0.75
1424056800,0.75
1424057400,0.74
1424058000,0.74
1424058600,0.73
1424059200,0.73
1424059800,0.73
1424060400,0.74
1424061000,0.72
1424061600,0.72
1424062200,0.71
1424062800,0.71
1424063400,0.72
1424064000,0.71
1424064600,0.73
1424065200,0.75
1424065800,0.76
1424066400,0.76
1424067000,0.76
1424067600,0.79
1424068200,0.78
1424068800,0.78
1424069400,0.77
1424070000,0.77
1424070600,0.75
1424071200,0.74
1424071800,0.73
1424072400,0.72
1424073000,0.72
1424073600,0.72
1424074200,0.71
1424074800,0.71
1424075400,0.71
1424076000,0.72
1424076600,0.72
1424077200,0.71
1424077800,0.71
1424078400,0.71
1424079000,0.7
1424079600,0.71
1424080200,0.73
1424080800,0.72
1424081400,0.72
1424082000,0.73
1424082600,0.74
1424083200,0.76
1424083800,0.75
1424084400,0.76
1424085000,0.77
1424085600,0.77
1424086200,0.77
1424086800,0.77
1424087400,0.76
1424088000,0.76
1424088600,0.75
1424089200,0.74
1424089800,0.73
1424090400,0.72
1424091000,0.71
1424091600,0.71
1424092200,0.71
1424092800,0.72
1424093400,0.71
1424094000,0.7
1424094600,0.69
1424095200,0.68
1424095800,0.67
1424096400,0.67
1424097000,0.67
1424097600,0.67
1424098200,0.68
1424098800,0.69
1424099400,0.69
1424100000,0.7
1424100600,0.71
1424101200,0.72
1424101800,0.74
1424102400,0.73
1424103000,0.72
1424103600,0.72
1424104200,0.72
1424104800,0.72
1424105400,0.72
1424106000,0.7
1424106600,0.7
1424107200,0.71
1424107800,0.71
1424108400,0.72
1424109000,0.72
1424109600,0.71
1424110200,0.71
1424110800,0.71
1424111400,0.73
1424112000,0.73
1424112600,0.73
1424113200,0.74
1424113800,0.73
1424114400,0.73
1424115000,0.72
1424115600,0.71
1424116200,0.71
1424116800,0.71
1424117400,0.7
1424118000,0.7
1424118600,0.69
1424119200,0.71
1424119800,0.73
1424120400,0.73
1424121000,0.73
1424121600,0.74
1424122200,0.75
1424122800,0.75
1424123400,0.74
1424124000,0.73
1424124600,0.73
1424125200,0.74
1424125800,0.74
1424126400,0.74
1424127000,0.73
1424127600,0.73
1424128200,0.73
1424128800,0.72
1424129400,0.73
1424130000,0.75
1424130600,0.73
1424131200,0.74
1424131800,0.74
1424132400,0.74
1424133000,0.74
1424133600,0.74
1424134200,0.73
1424134800,0.72
1424135400,0.72
1424136000,0.73
1424136600,0.73
1424137200,0.72
1424137800,0.71
1424138400,0.71
1424139000,0.71
1424139600,0.7
1424140200,0.69
1424140800,0.69
1424141400,0.69
1424142000,0.7
1424142600,0.71
1424143200,0.71
1424143800,0.71
1424144400,0.72
1424145000,0.73
1424145600,0.74
1424146200,0.74
1424146800,0.74
1424147400,0.74
1424148000,0.73
1424148600,0.72
1424149200,0.72
1424149800,0.73
1424150400,0.73
1424151000,0.73
1424151600,0.73
1424152200,0.74
1424152800,0.74
1424153400,0.74
1424154000,0.74
1424154600,0.73
1424155200,0.74
1424155800,0.75
1424156400,0.74
1424157000,0.74
1424157600,0.74
1424158200,0.74
1424158800,0.73
1424159400,0.72
1424160000,0.72
1424160600,0.74
1424161200,0.73
1424161800,0.73
1424162400,0.73
1424163000,0.73
1424163600,0.73
1424164200,0.72
1424164800,0.71
1424165400,0.71
1424166000,0.72
1424166600,0.72
1424167200,0.73
1424167800,0.72
1424168400,0.72
1424169000,0.7
1424169600,0.7
1424170200,0.71
1424170800,0.7
1424171400,0.71
1424172000,0.72
1424172600,0.71
1424173200,0.71
1424173800,0.7
1424174400,0.71
1424175000,0.71
1424175600,0.7
1424176200,0.71
1424176800,0.71
1424177400,0.71
1424178000,0.71
1424178600,0.72
1424179200,0.71
1424179800,0.7
1424180400,0.71
1424181000,0.71
1424181600,0.71
1424182200,0.71
1424182800,0.7
1424183400,0.7
1424184000,0.71
1424184600,0.69
1424185200,0.69
1424185800,0.69
1424186400,0.7
1424187000,0.7
1424187600,0.7
1424188200,0.71
1424188800,0.71
1424189400,0.72
1424190000,0.72
1424190600,0.74
1424191200,0.74
1424191800,0.72
1424192400,0.72
1424193000,0.73
1424193600,0.73
1424194200,0.73
1424194800,0.73
1424195400,0.73
1424196000,0.73
1424196600,0.73
1424197200,0.74
1424197800,0.75
1424198400,0.75
1424199000,0.74
1424199600,0.73
1424200200,0.73
1424200800,0.74
1424201400,0.74
1424202000,0.73
1424202600,0.74
1424203200,0.74
1424203800,0.74
1424204400,0.75
1424205000,0.74
1424205600,0.75
1424206200,0.74
1424206800,0.75
1424207400,0.74
1424208000,0.72
1424208600,0.73
1424209200,0.74
1424209800,0.74
1424210400,0.74
1424211000,0.74
1424211600,0.73
1424212200,0.74
1424212800,0.74
1424213400,0.74
1424214000,0.74
1424214600,0.74
1424215200,0.73
1424215800,0.73
1424216400,0.72
1424217000,0.73
1424217600,0.74
1424218200,0.74
1424218800,0.75
1424219400,0.74
1424220000,0.73
1424220600,0.73
1424221200,0.71
1424221800,0.71
1424222400,0.71
1424223000,0.74
1424223600,0.75
1424224200,0.74
1424224800,0.74
1424225400,0.73
1424226000,0.72
1424226600,0.72
1424227200,0.72
1424227800,0.72
1424228400,0.72
1424229000,0.72
1424229600,0.73
1424230200,0.73
1424230800,0.74
1424231400,0.74
1424232000,0.74
1424232600,0.74
1424233200,0.74
1424233800,0.74
1424234400,0.75
1424235000,0.75
1424235600,0.75
1424236200,0.76
1424236800,0.76
1424237400,0.76
1424238000,0.76
1424238600,0.77
1424239200,0.76
1424239800,0.76
1424240400,0.75
1424241000,0.75
1424241600,0.75
1424242200,0.75
1424242800,0.75
1424243400,0.75
1424244000,0.75
1424244600,0.75
1424245200,0.76
1424245800,0.77
1424246400,0.77
1424247000,0.77
1424247600,0.78
1424248200,0.79
1424248800,0.8
1424249400,0.8
1424250000,0.79
1424250600,0.78
1424251200,0.78
1424251800,0.79
1424252400,0.78
1424253000,0.78
1424253600,0.79
1424254200,0.78
1424254800,0.79
1424255400,0.79
1424256000,0.78
1424256600,0.78
1424257200,0.77
1424257800,0.77
1424258400,0.76
1424259000,0.77
1424259600,0.77
1424260200,0.77
1424260800,0.77
1424261400,0.76
1424262000,0.75
1424262600,0.76
1424263200,0.76
1424263800,0.76
1424264400,0.76
1424265000,0.74
1424265600,0.75
1424266200,0.76
1424266800,0.75
1424267400,0.76
1424268000,0.76
1424268600,0.76
1424269200,0.78
1424269800,0.78
1424270400,0.78
1424271000,0.79
1424271600,0.79
1424272200,0.8
1424272800,0.8
1424273400,0.8
1424274000,0.8
1424274600,0.8
1424275200,0.8
1424275800,0.8
1424276400,0.8
1424277000,0.81
1424277600,0.81
1424278200,0.81
1424278800,0.82
1424279400,0.81
1424280000,0.81
1424280600,0.81
1424281200,0.81
1424281800,0.82
1424282400,0.81
1424283000,0.81
1424283600,0.8
1424284200,0.79
1424284800,0.78
1424285400,0.78
1424286000,0.77
1424286600,0.77
1424287200,0.77
1424287800,0.77
1424288400,0.77
1424289000,0.77
1424289600,0.77
1424290200,0.75
1424290800,0.75
1424291400,0.75
1424292000,0.75
1424292600,0.77
1424293200,0.78
1424293800,0.79
1424294400,0.79
1424295000,0.79
1424295600,0.78
1424296200,0.77
1424296800,0.77
1424297400,0.76
1424298000,0.76
1424298600,0.76
1424299200,0.76
1424299800,0.76
1424300400,0.76
1424301000,0.78
1424301600,0.78
1424302200,0.79
1424302800,0.8
1424303400,0.8
1424304000,0.78
1424304600,0.77
1424305200,0.77
1424305800,0.77
1424306400,0.78
1424307000,0.77
1424307600,0.77
1424308200,0.77
1424308800,0.77
1424309400,0.77
1424310000,0.75
1424310600,0.73
1424311200,0.73
1424311800,0.74
1424312400,0.74
1424313000,0.75
1424313600,0.75
1424314200,0.76
1424314800,0.78
1424315400,0.77
1424316000,0.76
1424316600,0.77
1424317200,0.75
1424317800,0.76
1424318400,0.8
1424319000,0.84
1424319600,0.84
1424320200,0.81
1424320800,0.78
1424321400,0.75
1424322000,0.76
1424322600,0.75
1424323200,0.75
1424323800,0.76
1424324400,0.76
1424325000,0.76
1424325600,0.77
1424326200,0.78
1424326800,0.8
1424327400,0.79
1424328000,0.77
1424328600,0.76
1424329200,0.76
1424329800,0.75
1424330400,0.74
1424331000,0.75
1424331600,0.75
1424332200,0.77
1424332800,0.77
1424333400,0.76
1424334000,0.77
1424334600,0.78
1424335200,0.78
1424335800,0.76
1424336400,0.76
1424337000,0.76
1424337600,0.77
1424338200,0.79
1424338800,0.8
1424339400,0.81
1424340000,0.81
1424340600,0.82
1424341200,0.8
1424341800,0.8
1424342400,0.84
1424343000,0.82
1424343600,0.81
1424344200,0.82
1424344800,0.81
1424345400,0.81
1424346000,0.79
1424346600,0.77
1424347200,0.77
1424347800,0.77
1424348400,0.76
1424349000,0.75
1424349600,0.74
1424350200,0.76
1424350800,0.77
1424351400,0.76
1424352000,0.77
1424352600,1.03
1424353200,1
1424353800,1
1424354400,1.07
1424355000,1.1
1424355600,1.14
1424356200,1.15
1424356800,1.15
1424357400,1.14
1424358000,1.17
1424358600,1.18
1424359200,1.17
1424359800,1.18
1424360400,1.19
1424361000,1.19
1424361600,1.2
1424362200,1.25
1424362800,0.92
1424363400,0.83
1424364000,0.81
1424364600,0.82
1424365200,0.8
1424365800,0.8
1424366400,0.79
1424367000,0.8
1424367600,0.81
1424368200,0.8
1424368800,0.78
1424369400,0.79
1424370000,0.8
1424370600,0.8
1424371200,0.82
1424371800,0.75
1424372400,0.74
1424373000,0.75
1424373600,0.76
1424374200,0.77
1424374800,0.77
1424375400,0.78
1424376000,0.77
1424376600,0.75
1424377200,0.74
1424377800,0.75
1424378400,0.78
1424379000,0.79
1424379600,0.8
1424380200,0.78
1424380800,0.78
1424381400,0.77
1424382000,0.77
1424382600,0.77
1424383200,0.77
1424383800,0.78
1424384400,0.78
1424385000,0.78
1424385600,0.79
1424386200,0.79
1424386800,0.8
1424387400,0.79
1424388000,0.79
1424388600,0.77
1424389200,0.77
1424389800,0.75
1424390400,0.76
1424391000,0.76
1424391600,0.76
1424392200,0.75
1424392800,0.74
1424393400,0.75
1424394000,0.73
1424394600,0.72
1424395200,0.72
1424395800,0.71
1424396400,0.71
1424397000,0.71
1424397600,0.71
1424398200,0.71
1424398800,0.7
1424399400,0.7
1424400000,0.7
1424400600,0.7
1424401200,0.71
1424401800,0.7
1424402400,0.7
1424403000,0.69
1424403600,0.67
1424404200,0.67
1424404800,0.66
1424405400,0.67
1424406000,0.68
1424406600,0.71
1424407200,0.73
1424407800,0.73
1424408400,0.72
1424409000,0.72
1424409600,0.71
1424410200,0.71
1424410800,0.71
1424411400,0.7
1424412000,0.71
1424412600,0.71
1424413200,0.7
1424413800,0.7
1424414400,0.7
1424415000,0.71
1424415600,0.71
1424416200,0.72
1424416800,0.73
1424417400,0.74
1424418000,0.73
1424418600,0.74
1424419200,0.73
1424419800,0.73
1424420400,0.73
1424421000,0.73
1424421600,0.72
1424422200,0.73
1424422800,0.73
1424423400,0.74
1424424000,0.74
1424424600,0.74
1424425200,0.75
1424425800,0.76
1424426400,0.76
1424427000,0.77
1424427600,0.76
1424428200,0.76
1424428800,0.75
1424429400,0.74
1424430000,0.73
1424430600,0.72
1424431200,0.72
1424431800,0.73
1424432400,0.73
1424433000,0.73
1424433600,0.72
1424434200,0.72
1424434800,0.73
1424435400,0.75
1424436000,0.74
1424436600,0.73
1424437200,0.73
1424437800,0.73
1424438400,0.74
1424439000,0.74
1424439600,0.73
1424440200,0.72
1424440800,0.72
1424441400,0.73
1424442000,0.72
1424442600,0.73
1424443200,0.72
1424443800,0.72
1424444400,0.72
1424445000,0.7
1424445600,0.69
1424446200,0.68
1424446800,0.68
1424447400,0.69
1424448000,0.7
1424448600,0.7
1424449200,0.7
1424449800,0.68
1424450400,0.68
1424451000,0.68
1424451600,0.68
1424452200,0.68
1424452800,0.68
1424453400,0.67
1424454000,0.68
1424454600,0.69
1424455200,0.7
1424455800,0.71
1424456400,0.71
1424457000,0.72
1424457600,0.72
1424458200,0.71
1424458800,0.71
1424459400,0.71
1424460000,0.73
1424460600,0.74
1424461200,0.74
1424461800,0.74
1424462400,0.74
1424463000,0.75
1424463600,0.75
1424464200,0.74
1424464800,0.74
1424465400,0.73
1424466000,0.73
1424466600,0.73
1424467200,0.72
1424467800,0.71
1424468400,0.71
1424469000,0.71
1424469600,0.72
1424470200,0.73
1424470800,0.73
1424471400,0.74
1424472000,0.75
1424472600,0.75
1424473200,0.76
1424473800,0.76
1424474400,0.75
1424475000,0.76
1424475600,0.77
1424476200,0.78
1424476800,0.79
1424477400,0.77
1424478000,0.76
1424478600,0.75
1424479200,0.73
1424479800,0.74
1424480400,0.74
1424481000,0.75
1424481600,0.74
1424482200,0.73
1424482800,0.73
1424483400,0.74
1424484000,0.74
1424484600,0.75
1424485200,0.76
1424485800,0.77
1424486400,0.77
1424487000,0.76
1424487600,0.76
1424488200,0.76
1424488800,0.76
1424489400,0.75
1424490000,0.74
1424490600,0.75
1424491200,0.73
1424491800,0.73
1424492400,0.74
1424493000,0.75
1424493600,0.74
1424494200,0.73
1424494800,0.74
1424495400,0.75
1424496000,0.74
1424496600,0.74
1424497200,0.74
1424497800,0.73
1424498400,0.73
1424499000,0.74
1424499600,0.74
1424500200,0.73
1424500800,0.74
1424501400,0.73
1424502000,0.74
1424502600,0.74
1424503200,0.74
1424503800,0.74
1424504400,0.73
1424505000,0.73
1424505600,0.73
1424506200,0.74
1424506800,0.72
1424507400,0.71
1424508000,0.71
1424508600,0.71
1424509200,0.71
1424509800,0.7
1424510400,0.71
1424511000,0.72
1424511600,0.72
1424512200,0.71
1424512800,0.72
1424513400,0.72
1424514000,0.74
1424514600,0.75
1424515200,0.74
1424515800,0.74
1424516400,0.74
1424517000,0.74
1424517600,0.75
1424518200,0.73
1424518800,0.72
1424519400,0.72
1424520000,0.74
1424520600,0.74
1424521200,0.75
1424521800,0.74
1424522400,0.75
1424523000,0.74
1424523600,0.75
1424524200,0.77
1424524800,0.77
1424525400,0.78
1424526000,0.78
1424526600,0.77
1424527200,0.78
1424527800,0.75
1424528400,0.75
1424529000,0.76
1424529600,0.77
1424530200,0.78
1424530800,0.77
1424531400,0.76
1424532000,0.76
1424532600,0.75
1424533200,0.75
1424533800,0.76
1424534400,0.76
1424535000,0.76
1424535600,0.75
1424536200,0.75
1424536800,0.75
1424537400,0.76
1424538000,0.76
1424538600,0.75
1424539200,0.75
1424539800,0.75
1424540400,0.76
1424541000,0.78
1424541600,0.81
1424542200,0.81
1424542800,0.79
1424543400,0.8
1424544000,0.79
1424544600,0.79
1424545200,0.78
1424545800,0.77
1424546400,0.76
1424547000,0.76
1424547600,0.78
1424548200,0.78
1424548800,0.77
1424549400,0.76
1424550000,0.76
1424550600,0.76
1424551200,0.75
1424551800,0.75
1424552400,0.73
1424553000,0.72
1424553600,0.72
1424554200,0.74
1424554800,0.74
1424555400,0.74
1424556000,0.74
1424556600,0.75
1424557200,0.76
1424557800,0.75
1424558400,0.75
1424559000,0.75
1424559600,0.76
1424560200,0.76
1424560800,0.75
1424561400,0.76
1424562000,0.77
1424562600,0.78
1424563200,0.79
1424563800,0.79
1424564400,0.79
1424565000,0.79
1424565600,0.78
1424566200,0.78
1424566800,0.77
1424567400,0.77
1424568000,0.76
1424568600,0.76
1424569200,0.76
1424569800,0.75
1424570400,0.74
1424571000,0.72
1424571600,0.71
1424572200,0.72
1424572800,0.72
1424573400,0.74
1424574000,0.75
1424574600,0.75
1424575200,0.76
1424575800,0.76
1424576400,0.77
1424577000,0.75
1424577600,0.74
1424578200,0.75
1424578800,0.76
1424579400,0.76
1424580000,0.76
1424580600,0.74
1424581200,0.73
1424581800,0.75
1424582400,0.76
1424583000,0.78
1424583600,0.77
1424584200,0.78
1424584800,0.79
1424585400,0.79
1424586000,0.79
1424586600,0.79
1424587200,0.78
1424587800,0.77
1424588400,0.78
1424589000,0.79
1424589600,0.79
1424590200,0.8
1424590800,0.8
1424591400,0.8
1424592000,0.8
1424592600,0.82
1424593200,0.81
1424593800,0.81
1424594400,0.8
1424595000,0.79
1424595600,0.81
1424596200,0.81
1424596800,0.81
1424597400,0.82
1424598000,0.84
1424598600,0.84
1424599200,0.85
1424599800,0.84
1424600400,0.84
1424601000,0.84
1424601600,0.85
1424602200,0.86
1424602800,0.87
1424603400,0.88
1424604000,0.89
1424604600,0.9
1424605200,0.9
1424605800,0.9
1424606400,0.89
1424607000,0.89
1424607600,0.9
1424608200,0.9
1424608800,0.91
1424609400,0.92
1424610000,0.92
1424610600,0.92
1424611200,0.92
1424611800,0.92
1424612400,0.92
1424613000,0.92
1424613600,0.91
1424614200,0.91
1424614800,0.93
1424615400,0.96
1424616000,0.96
1424616600,0.94
1424617200,0.93
1424617800,0.96
1424618400,0.96
1424619000,0.94
1424619600,0.95
1424620200,0.95
1424620800,0.96
1424621400,0.95
1424622000,0.93
1424622600,0.93
1424623200,0.94
1424623800,0.94
1424624400,0.95
1424625000,0.94
1424625600,0.96
1424626200,0.95
1424626800,0.96
1424627400,0.96
1424628000,0.96
1424628600,0.96
1424629200,0.97
1424629800,0.97
1424630400,0.97
1424631000,0.98
1424631600,0.97
1424632200,0.97
1424632800,0.97
1424633400,0.98
1424634000,0.99
1424634600,0.99
1424635200,0.98
1424635800,0.99
1424636400,0.99
1424637000,0.99
1424637600,0.98
1424638200,0.96
1424638800,0.96
1424639400,0.95
1424640000,0.96
1424640600,0.96
1424641200,0.94
1424641800,0.94
1424642400,0.93
1424643000,0.92
1424643600,0.93
1424644200,0.93
1424644800,0.93
1424645400,0.93
1424646000,0.93
1424646600,0.93
1424647200,0.92
1424647800,0.91
1424649600,0.92
1424650200,0.92
1424650800,0.91
1424651400,0.92
1424652000,0.94
1424652600,0.94
1424653200,0.95
1424653800,0.94
1424654400,0.95
1424655000,0.96
1424655600,0.97
1424656200,0.97
1424656800,0.95
1424657400,0.97
1424658000,0.98
1424658600,0.98
1424659200,0.98
1424659800,0.99
1424660400,0.99
1424661000,0.98
1424661600,0.97
1424662200,0.99
1424662800,0.99
1424663400,0.96
1424664000,0.97
1424664600,0.99
1424665200,0.99
1424665800,0.99
1424666400,0.98
1424667000,0.98
1424667600,0.99
1424668200,0.99
1424668800,0.99
1424669400,0.99
1424670000,0.98
1424670600,0.98
1424671200,0.99
1424671800,0.99
1424672400,1
1424673000,1.01
1424673600,1.02
1424674200,1.01
1424674800,1.01
1424675400,1.02
1424676000,1.02
1424676600,1.01
1424677200,1
1424677800,1.01
1424678400,1
1424679000,0.99
1424679600,0.98
1424680200,0.97
1424680800,0.96
1424681400,0.96
1424682000,0.97
1424682600,0.98
1424683200,0.99
1424683800,0.99
1424684400,0.98
1424685000,1
1424685600,1.02
1424686200,1
1424686800,1
1424687400,0.99
1424688000,0.97
1424688600,0.96
1424689200,0.97
1424689800,0.98
1424690400,0.97
1424691000,0.97
1424691600,0.97
1424692200,0.97
1424692800,0.98
1424693400,0.99
1424694000,0.99
1424694600,1.02
1424695200,1
1424695800,0.98
1424696400,1
1424697000,1
1424697600,0.99
1424698200,1
1424698800,1
1424699400,1
1424700000,1.02
1424700600,1.01
1424701200,1
1424701800,1
1424702400,1
1424703000,1
1424703600,0.99
1424704200,0.99
1424704800,0.99
1424705400,0.99
1424706000,0.98
1424706600,0.99
1424707200,0.98
1424707800,0.98
1424708400,0.97
1424709000,0.96
1424709600,0.97
1424710200,0.99
1424710800,0.98
1424711400,1
1424712000,1
1424712600,0.99
1424713200,0.97
1424713800,0.97
1424714400,0.96
1424715000,0.96
1424715600,0.96
1424716200,0.95
1424716800,0.96
1424717400,0.97
1424718000,0.96
1424718600,0.95
1424719200,0.94
1424719800,0.93
1424720400,0.93
1424721000,0.93
1424721600,0.92
1424722200,0.93
1424722800,0.95
1424723400,0.96
1424724000,0.97
1424724600,0.98
1424725200,1
1424725800,1.01
1424726400,1.01
1424727000,1.01
1424727600,1.02
1424728200,1
1424728800,0.97
1424729400,0.97
1424730000,0.98
1424730600,0.97
1424731200,0.96
1424731800,0.95
1424732400,0.96
1424733000,0.98
1424733600,0.98
1424734200,0.98
1424734800,0.96
1424735400,0.95
1424736000,0.96
1424736600,0.96
1424737200,0.95
1424737800,0.94
1424738400,0.93
1424739000,0.94
1424739600,0.96
1424740200,0.97
1424740800,0.96
1424741400,0.95
1424742000,0.94
1424742600,0.94
1424743200,0.95
1424743800,0.96
1424744400,0.96
1424745000,0.96
1424745600,0.96
1424746200,0.96
1424746800,0.97
1424747400,0.98
1424748000,0.98
1424748600,1
1424749200,0.99
1424749800,1
1424750400,1
1424751000,1.01
1424751600,1
1424752200,1
1424752800,1.01
1424753400,1.02
1424754000,1.01
1424754600,1
1424755200,0.99
1424755800,0.99
1424756400,0.98
1424757000,0.97
1424757600,0.98
1424758200,0.99
1424758800,0.99
1424759400,0.97
1424760000,0.98
1424760600,0.98
1424761200,0.98
1424761800,0.97
1424762400,0.96
1424763000,0.97
1424763600,0.95
1424764200,0.95
1424764800,0.96
1424765400,0.94
1424766000,0.96
1424766600,0.94
1424767200,0.94
1424767800,0.95
1424768400,0.95
1424769000,0.95
1424769600,0.95
1424770200,0.95
1424770800,0.95
1424771400,0.94
1424772000,0.94
1424772600,0.94
1424773200,0.93
1424773800,0.94
1424774400,0.95
1424775000,0.94
1424775600,0.94
1424776200,0.94
1424776800,0.93
1424777400,0.92
1424778000,0.92
1424778600,0.92
1424779200,0.91
1424779800,0.9
1424780400,0.9
1424781000,0.9
1424781600,0.9
1424782200,0.91
1424782800,0.92
1424783400,0.92
1424784000,0.93
1424784600,0.93
1424785200,0.93
1424785800,0.94
1424786400,0.93
1424787000,0.92
1424787600,0.91
1424788200,0.92
1424788800,0.93
1424789400,0.92
1424790000,0.92
1424790600,0.92
1424791200,0.94
1424791800,0.92
1424792400,0.91
1424793000,0.91
1424793600,0.93
1424794200,0.95
1424794800,0.96
1424795400,0.97
1424796000,0.95
1424796600,0.95
1424797200,0.96
1424797800,0.96
1424798400,0.96
1424799000,0.96
1424799600,0.97
1424800200,0.98
1424800800,0.98
1424801400,0.97
1424802000,0.95
1424802600,0.94
1424803200,0.95
1424803800,0.94
1424804400,0.93
1424805000,0.92
1424805600,0.93
1424806200,0.92
1424806800,0.92
1424807400,0.92
1424808000,0.91
1424808600,0.92
1424809200,0.93
1424809800,0.91
1424810400,0.92
1424811000,0.94
1424811600,0.93
1424812200,0.93
1424812800,0.94
1424813400,0.92
1424814000,0.92
1424814600,0.91
1424815200,0.91
1424815800,0.9
1424816400,0.9
1424817000,0.9
1424817600,0.89
1424818200,0.88
1424818800,0.87
1424819400,0.85
1424820000,0.85
1424820600,0.85
1424821200,0.86
1424821800,0.86
1424822400,0.85
1424823000,0.86
1424823600,0.88
1424824200,0.85
1424824800,0.85
1424825400,0.86
1424826000,0.86
1424826600,0.86
1424827200,0.88
1424827800,0.88
1424828400,0.9
1424829000,0.89
1424829600,0.89
1424830200,0.9
1424830800,0.94
1424831400,0.96
1424832000,0.94
1424832600,0.95
1424833200,0.93
1424833800,0.9
1424834400,0.89
1424835000,0.89
1424835600,0.87
1424836200,0.87
1424836800,0.87
1424837400,0.87
1424838000,0.87
1424838600,0.86
1424839200,0.85
1424839800,0.84
1424840400,0.86
1424841000,0.86
1424841600,0.86
1424842200,0.87
1424842800,0.88
1424843400,0.9
1424844000,0.89
1424844600,0.9
1424845200,0.88
1424845800,0.88
1424846400,0.89
1424847000,0.89
1424847600,0.89
1424848200,0.86
1424848800,0.89
1424849400,0.89
1424850000,0.87
1424850600,0.86
1424851200,0.86
1424851800,0.84
1424852400,0.83
1424853000,0.85
1424853600,0.87
1424854200,0.87
1424854800,0.88
1424855400,0.88
1424856000,0.87
1424856600,0.9
1424857200,0.91
1424857800,0.89
1424858400,0.9
1424859000,0.88
1424859600,0.86
1424860200,0.88
1424860800,0.89
1424861400,0.88
1424862000,0.86
1424862600,0.84
1424863200,0.83
1424863800,0.81
1424864400,0.8
1424865000,0.79
1424865600,0.79
1424866200,0.77
1424866800,0.78
1424867400,0.77
1424868000,0.77
1424868600,0.79
1424869200,0.79
1424869800,0.8
1424870400,0.8
1424871000,0.79
1424871600,0.79
1424872200,0.79
1424872800,0.8
1424873400,0.8
1424874000,0.8
1424874600,0.8
1424875200,0.8
1424875800,0.81
1424876400,0.83
1424877000,0.86
1424877600,0.83
1424878200,0.82
1424878800,0.83
1424879400,0.84
1424880000,0.82
1424880600,0.79
1424881200,0.78
1424881800,0.8
1424882400,0.79
1424883000,0.79
1424883600,0.8
1424884200,0.8
1424884800,0.78
1424885400,0.77
1424886000,0.78
1424886600,0.78
1424887200,0.8
1424887800,0.81
1424888400,0.79
1424889000,0.78
1424889600,0.79
1424890200,0.78
1424890800,0.76
1424891400,0.75
1424892000,0.77
1424892600,0.8
1424893200,0.78
1424893800,0.77
1424894400,0.77
1424895000,0.77
1424895600,0.75
1424896200,0.74
1424896800,0.73
1424897400,0.73
1424898000,0.75
1424898600,0.78
1424899200,0.8
1424899800,0.8
1424900400,0.81
1424901000,0.83
1424901600,0.84
1424902200,0.84
1424902800,0.85
1424903400,0.85
1424904000,0.82
1424904600,0.8
1424905200,0.79
1424905800,0.79
1424906400,0.81
1424907000,0.83
1424907600,0.84
1424908200,0.81
1424908800,0.79
1424909400,0.77
1424910000,0.77
1424910600,0.76
1424911200,0.75
1424911800,0.75
1424912400,0.75
1424913000,0.75
1424913600,0.76
1424914200,0.77
1424914800,0.75
1424915400,0.76
1424916000,0.75
1424916600,0.77
1424917200,0.78
1424917800,0.78
1424918400,0.79
1424919000,0.78
1424919600,0.8
1424920200,0.8
1424920800,0.8
1424921400,0.79
1424922000,0.78
1424922600,0.78
1424923200,0.78
1424923800,0.78
1424924400,0.79
1424925000,0.77
1424925600,0.76
1424926200,0.76
1424926800,0.76
1424927400,0.76
1424928000,0.78
1424928600,0.76
1424929200,0.76
1424929800,0.77
1424930400,0.75
1424931000,0.75
1424931600,0.74
1424932200,0.75
1424932800,0.74
1424933400,0.73
1424934000,0.73
1424934600,0.75
1424935200,0.74
1424935800,0.76
1424936400,0.74
1424937000,0.75
1424937600,0.74
1424938200,0.74
1424938800,0.75
1424939400,0.76
1424940000,0.76
1424940600,0.76
1424941200,0.76
1424941800,0.76
1424942400,0.76
1424943000,0.74
1424943600,0.74
1424944200,0.73
1424944800,0.74
1424945400,0.73
1424946000,0.72
1424946600,0.74
1424947200,0.74
1424947800,0.75
1424948400,0.76
1424949000,0.76
1424949600,0.75
1424950200,0.75
1424950800,0.73
1424951400,0.73
1424952000,0.74
1424952600,0.74
1424953200,0.74
1424953800,0.74
1424954400,0.76
1424955000,0.78
1424955600,0.83
1424956200,0.78
1424956800,0.78
1424957400,0.76
1424958000,0.77
1424958600,0.79
1424959200,0.79
1424959800,0.79
1424960400,0.86
1424961000,0.84
1424961600,0.85
1424962200,0.86
1424962800,0.85
1424963400,0.8
1424964000,0.76
1424964600,0.79
1424965200,0.77
1424965800,0.77
1424966400,0.78
1424967000,0.77
1424967600,0.77
1424968200,0.78
1424968800,0.79
1424969400,0.78
1424970000,0.78
1424970600,0.79
1424971200,0.79
1424971800,0.79
1424972400,0.8
1424973000,0.8
1424973600,0.8
1424974200,0.81
1424974800,0.82
1424975400,0.82
1424976000,0.82
1424976600,0.82
1424977200,0.81
1424977800,0.82
1424978400,0.82
1424979000,0.83
1424979600,0.83
1424980200,0.84
1424980800,0.85
1424981400,0.85
1424982000,0.86
1424982600,0.86
1424983200,0.86
1424983800,0.85
1424984400,0.85
1424985000,0.85
1424985600,0.85
1424986200,0.86
1424986800,0.86
1424987400,0.86
1424988000,0.86
1424988600,0.87
1424989200,0.86
1424989800,0.87
1424990400,0.88
1424991000,0.89
1424991600,0.9
1424992200,0.89
1424992800,0.89
1424993400,0.89
1424994000,0.88
1424994600,0.89
1424995200,0.88
1424995800,0.86
1424996400,0.86
1424997000,0.86
1424997600,0.86
1424998200,0.86
1424998800,0.85
1424999400,0.84
1425000000,0.84
1425000600,0.84
1425001200,0.84
1425001800,0.84
1425002400,0.83
1425003000,0.82
1425003600,0.83
1425004200,0.83
1425004800,0.84
1425005400,0.85
1425006000,0.85
1425006600,0.86
1425007200,0.86
1425007800,0.85
1425008400,0.85
1425009000,0.85
1425009600,0.85
1425010200,0.85
1425010800,0.85
1425011400,0.84
1425012000,0.84
1425012600,0.84
1425013200,0.84
1425013800,0.84
1425014400,0.84
1425015000,0.84
1425015600,0.84
1425016200,0.84
1425016800,0.85
1425017400,0.85
1425018000,0.85
1425018600,0.85
1425019200,0.85
1425019800,0.86
1425020400,0.87
1425021000,0.86
1425021600,0.86
1425022200,0.86
1425022800,0.86
1425023400,0.87
1425024000,0.87
1425024600,0.87
1425025200,0.87
1425025800,0.86
1425026400,0.87
1425027000,0.88
1425027600,0.87
1425028200,0.88
1425028800,0.89
1425029400,0.9
1425030000,0.9
1425030600,0.9
1425031200,0.91
1425031800,0.91
1425032400,0.91
1425033000,0.91
1425033600,0.91
1425034200,0.91
1425034800,0.91
1425035400,0.91
1425036000,0.91
1425036600,0.91
1425037200,0.9
1425037800,0.91
1425038400,0.9
1425039000,0.9
1425039600,0.9
1425040200,0.89
1425040800,0.9
1425041400,0.91
1425042000,0.91
1425042600,0.91
1425043200,0.92
1425043800,0.92
1425044400,0.93
1425045000,0.93
1425045600,0.93
1425046200,0.93
1425046800,0.91
1425047400,0.91
1425048000,0.92
1425048600,0.92
1425049200,0.92
1425049800,0.91
1425050400,0.9
1425051000,0.9
1425051600,0.91
1425052200,0.9
1425052800,0.89
1425053400,0.89
1425054000,0.89
1425054600,0.89
1425055200,0.9
1425057600,0.88
1425058200,0.88
1425058800,0.89
1425059400,0.88
1425060000,0.88
1425060600,0.88
1425061200,0.87
1425061800,0.86
1425062400,0.86
1425063000,0.85
1425063600,0.84
1425064200,0.84
1425064800,0.85
1425065400,0.85
1425066000,0.84
1425066600,0.84
1425067200,0.83
1425067800,0.84
1425068400,0.83
1425069000,0.83
1425069600,0.83
1425070200,0.83
1425070800,0.83
1425071400,0.83
1425072000,0.82
1425072600,0.82
1425073200,0.82
1425073800,0.82
1425074400,0.82
1425075000,0.82
1425075600,0.82
1425076200,0.83
1425076800,0.83
1425077400,0.83
1425078000,0.84
1425078600,0.84
1425079200,0.83
1425079800,0.82
1425080400,0.82
1425081000,0.83
1425081600,0.82
1425082200,0.82
1425082800,0.82
1425083400,0.81
1425084000,0.81
1425084600,0.81
1425085200,0.81
1425085800,0.81
1425086400,0.81
1425087000,0.8
1425087600,0.8
1425088200,0.79
1425088800,0.78
1425089400,0.77
1425090000,0.77
1425090600,0.77
1425091200,0.77
1425091800,0.77
1425092400,0.77
1425093000,0.76
1425093600,0.75
1425094200,0.75
1425094800,0.74
1425095400,0.75
1425096000,0.75
1425096600,0.74
1425097200,0.73
1425097800,0.73
1425098400,0.74
1425099000,0.73
1425099600,0.73
1425100200,0.73
1425100800,0.73
1425101400,0.74
1425102000,0.73
1425102600,0.73
1425103200,0.73
1425103800,0.73
1425104400,0.73
1425105000,0.73
1425105600,0.73
1425106200,0.73
1425106800,0.72
1425107400,0.71
1425108000,0.72
1425108600,0.71
1425109200,0.72
1425109800,0.71
1425110400,0.71
1425111000,0.71
1425111600,0.71
1425112200,0.71
1425112800,0.71
1425113400,0.7
1425114000,0.71
1425114600,0.71
1425115200,0.71
1425115800,0.71
1425116400,0.71
1425117000,0.7
1425117600,0.71
1425118200,0.71
1425118800,0.71
1425119400,0.71
1425120000,0.71
1425120600,0.72
1425121200,0.72
1425121800,0.72
1425122400,0.72
1425123000,0.73
1425123600,0.73
1425124200,0.72
1425124800,0.72
1425125400,0.73
1425126000,0.73
1425126600,0.72
1425127200,0.72
1425127800,0.72
1425128400,0.71
1425129000,0.71
1425129600,0.71
1425130200,0.71
1425130800,0.71
1425131400,0.71
1425132000,0.71
1425132600,0.71
1425133200,0.71
1425133800,0.7
1425134400,0.69
1425135000,0.69
1425135600,0.69
1425136200,0.69
1425136800,0.69
1425137400,0.69
1425138000,0.68
1425138600,0.69
1425139200,0.68
1425139800,0.69
1425140400,0.69
1425141000,0.69
1425141600,0.68
1425142200,0.68
1425142800,0.67
1425143400,0.67
1425144000,0.67
1425144600,0.67
1425145200,0.67
1425145800,0.67
1425146400,0.67
1425147000,0.68
1425147600,0.68
1425148200,0.66
1425148800,0.67
1425149400,0.67
1425150000,0.67
1425150600,0.66
1425151200,0.67
1425151800,0.67
1425152400,0.67
1425153000,0.66
1425153600,0.67
1425154200,0.66
1425154800,0.66
1425155400,0.67
1425156000,0.68
1425156600,0.68
1425157200,0.68
1425157800,0.68
1425158400,0.68
1425159000,0.69
1425159600,0.69
1425160200,0.7
1425160800,0.7
1425161400,0.68
1425162000,0.69
1425162600,0.69
1425163200,0.68
1425163800,0.69
1425164400,0.68
1425165000,0.67
1425165600,0.67
1425166200,0.67
1425166800,0.67
1425167400,0.68
1425168000,0.67
1425168600,0.67
1425169200,0.67
1425169800,0.68
1425170400,0.67
1425171000,0.67
1425171600,0.68
1425172200,0.67
1425172800,0.67
1425173400,0.67
1425174000,0.68
1425174600,0.68
1425175200,0.67
1425175800,0.67
1425176400,0.67
1425177000,0.67
1425177600,0.68
1425178200,0.67
1425178800,0.67
1425179400,0.68
1425180000,0.68
1425180600,0.68
1425181200,0.68
1425181800,0.67
1425182400,0.67
1425183000,0.67
1425183600,0.67
1425184200,0.68
1425184800,0.67
1425185400,0.67
1425186000,0.67
1425186600,0.67
1425187200,0.67
1425187800,0.68
1425188400,0.68
1425189000,0.67
1425189600,0.68
1425190200,0.7
1425190800,0.71
1425191400,0.71
1425192000,0.7
1425192600,0.7
1425193200,0.7
1425193800,0.71
1425194400,0.72
1425195000,0.72
1425195600,0.71
1425196200,0.7
1425196800,0.7
1425197400,0.69
1425198000,0.69
1425198600,0.69
1425199200,0.69
1425199800,0.69
1425200400,0.7
1425201000,0.69
1425201600,0.69
1425202200,0.68
1425202800,0.69
1425203400,0.68
1425204000,0.68
1425204600,0.68
1425205200,0.68
1425205800,0.68
1425206400,0.68
1425207000,0.67
1425207600,0.67
1425208200,0.68
1425208800,0.68
1425209400,0.67
1425210000,0.68
1425210600,0.67
1425211200,0.67
1425211800,0.67
1425212400,0.67
1425213000,0.67
1425213600,0.66
1425214200,0.66
1425214800,0.66
1425215400,0.67
1425216000,0.66
1425216600,0.66
1425217200,0.65
1425217800,0.66
1425218400,0.67
1425219000,0.66
1425219600,0.65
1425220200,0.65
1425220800,0.66
1425221400,0.65
1425222000,0.66
1425222600,0.66
1425223200,0.65
1425223800,0.66
1425224400,0.66
1425225000,0.67
1425225600,0.67
1425226200,0.65
1425226800,0.65
1425227400,0.66
1425228000,0.65
1425228600,0.65
1425229200,0.64
1425229800,0.63
1425230400,0.63
1425231000,0.63
1425231600,0.64
1425232200,0.65
1425232800,0.64
1425233400,0.64
1425234000,0.65
1425234600,0.64
1425235200,0.64
1425235800,0.65
1425236400,0.65
1425237000,0.65
1425237600,0.65
1425238200,0.65
1425238800,0.65
1425239400,0.65
1425240000,0.65
1425240600,0.66
1425241200,0.64
1425241800,0.63
1425242400,0.63
1425243000,0.63
1425243600,0.63
1425244200,0.63
1425244800,0.63
1425245400,0.62
1425246000,0.62
1425246600,0.63
1425247200,0.63
1425247800,0.62
1425248400,0.62
1425249000,0.62
1425249600,0.63
1425250200,0.62
1425250800,0.63
1425251400,0.63
1425252000,0.65
1425252600,0.66
1425253200,0.67
1425253800,0.66
1425254400,0.66
1425255000,0.66
1425255600,0.66
1425256200,0.65
1425256800,0.64
1425257400,0.64
1425258000,0.63
1425258600,0.63
1425259200,0.64
1425259800,0.63
1425260400,0.62
1425261000,0.61
1425261600,0.6
1425262200,0.61
1425262800,0.61
1425263400,0.6
1425264000,0.6
1425264600,0.61
1425265200,0.62
1425265800,0.62
1425266400,0.61
1425267000,0.61
1425267600,0.61
1425268200,0.61
1425268800,0.61
1425269400,0.62
1425270000,0.62
1425270600,0.61
1425271200,0.61
1425271800,0.61
1425272400,0.61
1425273000,0.59
1425273600,0.6
1425274200,0.61
1425274800,0.61
1425275400,0.61
1425276000,0.61
1425276600,0.62
1425277200,0.62
1425277800,0.62
1425278400,0.63
1425279000,0.63
1425279600,0.62
1425280200,0.62
1425280800,0.62
1425281400,0.6
1425282000,0.61
1425282600,0.6
1425283200,0.6
1425283800,0.59
1425284400,0.59
1425285000,0.6
1425285600,0.59
1425286200,0.6
1425286800,0.6
1425287400,0.6
1425288000,0.61
1425288600,0.61
1425289200,0.61
1425289800,0.61
1425290400,0.6
1425291000,0.6
1425291600,0.6
1425292200,0.59
1425292800,0.59
1425293400,0.59
1425294000,0.6
1425294600,0.62
1425295200,0.62
1425295800,0.6
1425296400,0.6
1425297000,0.61
1425297600,0.63
1425298200,0.64
1425298800,0.62
1425299400,0.62
1425300000,0.61
1425300600,0.61
1425301200,0.62
1425301800,0.61
1425302400,0.62
1425303000,0.59
1425303600,0.57
1425304200,0.58
1425304800,0.59
1425305400,0.59
1425306000,0.59
1425306600,0.57
1425307200,0.57
1425307800,0.58
1425308400,0.59
1425309000,0.58
1425309600,0.59
1425310200,0.6
1425310800,0.6
1425311400,0.61
1425312000,0.6
1425312600,0.6
1425313200,0.61
1425313800,0.61
1425314400,0.61
1425315000,0.61
1425315600,0.62
1425316200,0.61
1425316800,0.61
1425317400,0.62
1425318000,0.63
1425318600,0.62
1425319200,0.61
1425319800,0.61
1425320400,0.61
1425321000,0.61
1425321600,0.62
1425322200,0.61
1425322800,0.6
1425323400,0.6
