1423864800,-0.45
1423869000,-0.42
1423870200,-0.4
1423870800,-0.49
1423871400,-0.54
1423872000,-0.44
1423872600,-0.6
1423873200,-0.37
1423873800,-0.53
1423874400,-0.61
1423875000,-0.52
1423875600,-0.41
1423876200,-0.5
1423876800,-0.52
1423877400,-0.6
1423878000,-0.39
1423878600,-0.53
1423879200,-0.35
1423879800,-0.54
1423880400,-0.61
1423881000,-0.59
1423881600,-0.56
1423882200,-0.56
1423882800,-0.52
1423883400,-0.67
1423884000,-0.59
1423884600,-0.45
1423885200,-0.5
1423885800,-0.4
1423886400,-0.3
1423887000,-0.53
1423887600,-0.35
1423888200,-0.5
1423888800,-0.43
1423889400,-0.38
1423890000,-0.31
1423890600,-0.29
1423891200,-0.08
1423891800,-0.2
1423892400,-0.17
1423893000,-0.32
1423893600,-0.07
1423894200,-0.33
1423894800,-0.13
1423895400,-0.31
1423896000,-0.45
1423896600,-0.38
1423897200,-0.4
1423897800,-0.27
1423898400,-0.39
1423899000,-0.45
1423899600,-0.27
1423902000,-0.45
1423902600,-0.34
1423903200,-0.17
1423903800,-0.36
1423904400,-0.45
1423905000,-0.21
1423905600,-0.18
1423906200,-0.14
1423906800,-0.39
1423907400,-0.19
1423908000,-0.18
1423908600,-0.2
1423909200,-0.29
1423909800,-0.16
1423910400,-0.12
1423911000,-0.14
1423911600,-0.09
1423912200,-0.29
1423912800,-0.09
1423913400,-0.17
1423914000,-0.19
1423914600,-0.12
1423915200,-0.01
1423915800,-0.27
1423916400,-0.02
1423917000,-0.24
1423917600,-0.16
1423918200,-0.28
1423918800,0.02
1423919400,0.04
1423920000,0.05
1423920600,-0.24
1423921200,-0.25
1423921800,0.07
1423922400,0.02
1423923000,-0.14
1423923600,-0.02
1423924200,0.06
1423924800,-0.04
1423925400,-0.11
1423926000,-0.38
1423926600,-0.33
1423927200,-0.39
1423927800,-0.32
1423928400,-0.43
1423929000,-0.21
1423929600,-0.52
1423930200,-0.5
1423930800,-0.5
1423931400,-0.52
1423932000,-0.58
1423932600,-0.46
1423933200,-0.46
1423933800,-0.54
1423934400,-0.26
1423935000,-0.31
1423935600,-0.31
1423936200,-0.41
1423936800,-0.4
1423937400,-0.24
1423938000,-0.22
1423938600,-0.36
1423939200,-0.2
1423939800,-0.24
1423940400,-0.37
1423941000,-0.23
1423941600,-0.3
1423942200,-0.37
1423942800,-0.33
1423943400,-0.44
1423944000,-0.23
1423944600,-0.38
1423945200,-0.4
1423945800,-0.41
1423946400,-0.38
1423947000,-0.44
1423947600,-0.38
1423948200,-0.42
1423948800,-0.33
1423949400,-0.39
1423950000,-0.3
1423950600,-0.43
1423951200,-0.33
1423951800,-0.29
1423952400,-0.48
1423953000,-0.34
1423953600,-0.47
1423954200,-0.32
1423954800,-0.45
1423955400,-0.53
1423956000,-0.51
1423956600,-0.5
1423957200,-0.52
1423957800,-0.28
1423958400,-0.52
1423959000,-0.29
1423959600,-0.45
1423960200,-0.47
1423960800,-0.39
1423961400,-0.55
1423962000,-0.44
1423962600,-0.35
1423963200,-0.51
1423963800,-0.49
1423964400,-0.53
1423965000,-0.43
1423965600,-0.4
1423966200,3.5
1423966200,-0.43
1423966800,-0.43
1423967400,-0.45
1423968000,-0.33
1423968600,-0.5
1423969200,-0.49
1423969800,-0.63
1423970400,-0.35
1423971000,-0.43
1423971600,-0.53
1423972200,-0.51
1423972800,-0.37
1423973400,-0.43
1423974000,-0.5
1423974600,-0.48
1423975200,-0.59
1423975800,-0.34
1423976400,-0.43
1423977000,-0.48
1423977600,-0.4
1423978200,-0.45
1423978800,-0.42
1423979400,-0.4
1423980000,-0.47
1423980600,-0.44
1423981200,-0.45
1423981800,-0.44
1423982400,-0.47
1423983000,-0.41
1423983600,-0.54
1423984200,-0.49
1423984800,-0.56
1423985400,-0.46
1423986000,-0.6
1423986600,-0.43
1423987200,-0.6
1423987800,-0.61
1423988400,-0.58
1423989000,-0.43
1423989600,-0.55
1423990200,-0.55
1423990800,-0.41
1423991400,-0.4
1423992000,-0.41
1423992600,-0.45
1423993200,-0.3
1423993800,-0.36
1423994400,-0.41
1423995000,-0.5
1423995600,-0.47
1423996200,-0.34
1423996800,-0.46
1423997400,-0.29
1423998000,-0.47
1423998600,-0.41
1423999200,-0.36
1423999800,-0.47
1424000400,-0.25
1424001000,-0.41
1424001600,-0.31
1424002200,-0.49
1424002800,-0.45
1424003400,-0.45
1424004000,-0.44
1424004600,-0.49
1424005200,-0.49
1424005800,-0.5
1424006400,-0.58
1424007000,-0.5
1424007600,-0.49
1424008200,-0.47
1424008800,-0.43
1424009400,-0.58
1424010000,-0.56
1424010600,-0.54
1424011200,-0.34
1424011800,-0.45
1424012400,-0.47
1424013000,-0.48
1424013600,-0.3
1424014200,-0.47
1424014800,-0.4
1424015400,-0.48
1424016000,-0.55
1424016600,-0.47
1424017200,-0.42
1424017800,-0.56
1424018400,-0.44
1424019000,-0.36
1424019600,-0.55
1424020200,-0.53
1424020800,-0.43
1424021400,-0.54
1424022000,-0.45
1424022600,-0.49
1424023200,-0.54
1424023800,-0.35
1424024400,-0.3
1424025000,-0.29
1424025600,-0.41
1424026200,-0.31
1424026800,-0.41
1424027400,-0.48
1424028000,-0.46
1424028600,-0.35
1424029200,-0.52
1424029800,-0.48
1424030400,-0.45
1424031000,-0.35
1424031600,-0.44
1424032200,-0.25
1424032800,-0.46
1424033400,-0.45
1424034000,-0.49
1424034600,-0.43
1424035200,-0.42
1424035800,-0.52
1424036400,-0.27
1424037000,-0.51
1424037600,-0.46
1424038200,-0.44
1424038800,-0.44
1424039400,-0.49
1424040000,-0.35
1424040600,-0.35
1424041200,-0.48
1424041800,-0.48
1424042400,-0.45
1424043000,-0.23
1424043600,-0.47
1424044200,-0.4
1424044800,-0.48
1424045400,-0.47
1424046000,-0.53
1424046600,-0.44
1424047200,-0.47
1424047800,-0.53
1424048400,-0.41
1424049000,-0.44
1424049600,-0.42
1424050200,-0.52
1424050800,-0.43
1424051400,-0.44
1424052000,-0.51
1424052600,-0.5
1424053200,-0.31
1424053800,-0.34
1424054400,-0.44
1424055000,-0.45
1424055600,-0.5
1424056200,-0.45
1424056800,-0.42
1424057400,-0.5
1424058000,-0.29
1424058600,-0.46
1424059200,-0.41
1424059800,-0.48
1424060400,-0.43
1424061000,-0.4
1424061600,-0.23
1424062200,-0.26
1424062800,-0.53
1424063400,-0.26
1424064000,-0.24
1424064600,-0.25
1424065200,-0.36
1424065800,-0.34
1424066400,-0.35
1424067000,-0.39
1424067600,-0.46
1424068200,-0.41
1424068800,-0.47
1424069400,-0.38
1424070000,-0.34
1424070600,-0.32
1424071200,-0.36
1424071800,-0.28
1424072400,-0.24
1424073000,-0.26
1424073600,-0.18
1424074200,-0.15
1424074800,-0.34
1424075400,-0.36
1424076000,-0.34
1424076600,-0.25
1424077200,-0.23
1424077800,-0.22
1424078400,-0.23
1424079000,-0.31
1424079600,-0.23
1424080200,-0.27
1424080800,-0.17
1424081400,-0.26
1424082000,-0.37
1424082600,-0.31
1424083200,-0.33
1424083800,-0.4
1424084400,-0.35
1424085000,-0.35
1424085600,-0.42
1424086200,-0.31
1424086800,-0.5
1424087400,-0.28
1424088000,-0.27
1424088600,-0.26
1424089200,-0.24
1424089800,-0.39
1424090400,-0.19
1424091000,-0.19
1424091600,-0.12
1424092200,-0.22
1424092800,-0.23
1424093400,-0.33
1424094000,-0.16
1424094600,-0.24
1424095200,-0.19
1424095800,-0.09
1424096400,-0.21
1424097000,-0.04
1424097600,-0.27
1424098200,-0.13
1424098800,-0.19
1424099400,-0.28
1424100000,-0.47
1424100600,-0.2
1424101200,-0.2
1424101800,-0.2
1424102400,-0.32
1424103000,-0.28
1424103600,-0.19
1424104200,-0.13
1424104800,-0.13
1424105400,-0.14
1424106000,-0.19
1424106600,-0.15
1424107200,-0.24
1424107800,-0.16
1424108400,-0.2
1424109000,-0.13
1424109600,-0.22
1424110200,-0.21
1424110800,-0.42
1424111400,-0.24
1424112000,-0.19
1424112600,-0.19
1424113200,-0.46
1424113800,-0.3
1424114400,-0.24
1424115000,-0.18
1424115600,-0.11
1424116200,-0.24
1424116800,-0.18
1424117400,-0.19
1424118000,-0.17
1424118600,-0.25
1424119200,-0.2
1424119800,-0.21
1424120400,-0.16
1424121000,-0.15
1424121600,-0.26
1424122200,-0.27
1424122800,-0.2
1424123400,-0.16
1424124000,-0.17
1424124600,-0.51
1424125200,-0.18
1424125800,-0.17
1424126400,-0.18
1424127000,-0.26
1424127600,-0.26
1424128200,-0.16
1424128800,-0.19
1424129400,-0.19
1424130000,-0.28
1424130600,-0.25
1424131200,-0.21
1424131800,-0.15
1424132400,-0.2
1424133000,-0.35
1424133600,-0.3
1424134200,-0.29
1424134800,-0.4
1424135400,-0.35
1424136000,-0.52
1424136600,-0.5
1424137200,-0.35
1424137800,-0.52
1424138400,-0.43
1424139000,-0.14
1424139600,-0.49
1424140200,-0.41
1424140800,-0.38
1424141400,-0.38
1424142000,-0.41
1424142600,-0.32
1424143200,-0.42
1424143800,-0.31
1424144400,-0.5
1424145000,-0.51
1424145600,-0.38
1424146200,-0.48
1424146800,-0.46
1424147400,-0.51
1424148000,-0.41
1424148600,-0.4
1424149200,-0.48
1424149800,-0.5
1424150400,-0.5
1424151000,-0.36
1424151600,-0.36
1424152200,-0.37
1424152800,-0.4
1424153400,-0.5
1424154000,-0.51
1424154600,-0.53
1424155200,-0.34
1424155800,-0.52
1424156400,-0.48
1424157000,-0.43
1424157600,-0.36
1424158200,-0.34
1424158800,-0.36
1424159400,-0.27
1424160000,-0.28
1424160600,-0.37
1424161200,-0.38
1424161800,-0.35
1424162400,-0.37
1424163000,-0.33
1424163600,-0.35
1424164200,-0.35
1424164800,-0.29
1424165400,-0.32
1424166000,-0.34
1424166600,-0.34
1424167200,-0.35
1424167800,-0.48
1424168400,-0.26
1424169000,-0.32
1424169600,-0.39
1424170200,-0.24
1424170800,-0.3
1424171400,-0.28
1424172000,-0.38
1424172600,-0.31
1424173200,-0.3
1424173800,-0.25
1424174400,-0.49
1424175000,-0.39
1424175600,-0.24
1424176200,-0.39
1424176800,-0.28
1424177400,-0.35
1424178000,-0.29
1424178600,-0.28
1424179200,-0.25
1424179800,-0.38
1424180400,-0.3
1424181000,-0.28
1424181600,-0.31
1424182200,-0.21
1424182800,-0.23
1424183400,-0.21
1424184000,-0.23
1424184600,-0.25
1424185200,-0.17
1424185800,-0.18
1424186400,-0.19
1424187000,-0.17
1424187600,-0.24
1424188200,-0.19
1424188800,-0.17
1424189400,-0.3
1424190000,-0.28
1424190600,-0.29
1424191200,-0.32
1424191800,-0.2
1424192400,-0.28
1424193000,-0.24
1424193600,-0.21
1424194200,-0.2
1424194800,-0.4
1424195400,-0.38
1424196000,-0.4
1424196600,-0.29
1424197200,-0.34
1424197800,-0.43
1424198400,-0.5
1424199000,-0.26
1424199600,-0.27
1424200200,-0.27
1424200800,-0.31
1424201400,-0.25
1424202000,-0.39
1424202600,-0.3
1424203200,-0.34
1424203800,-0.35
1424204400,-0.25
1424205000,-0.29
1424205600,-0.35
1424206200,-0.33
1424206800,-0.46
1424207400,-0.4
1424208000,-0.53
1424208600,-0.38
1424209200,-0.52
1424209800,-0.43
1424210400,-0.46
1424211000,-0.36
1424211600,-0.45
1424212200,-0.24
1424212800,-0.41
1424213400,-0.47
1424214000,-0.42
1424214600,-0.5
1424215200,-0.43
1424215800,-0.45
1424216400,-0.4
1424217000,-0.29
1424217600,-0.33
1424218200,-0.49
1424218800,-0.54
1424219400,-0.49
1424220000,-0.23
1424220600,-0.5
1424221200,-0.54
1424221800,-0.37
1424222400,-0.38
1424223000,-0.38
1424223600,-0.34
1424224200,-0.52
1424224800,-0.5
1424225400,-0.46
1424226000,-0.49
1424226600,-0.43
1424227200,-0.41
1424227800,-0.29
1424228400,-0.38
1424229000,-0.38
1424229600,-0.45
1424230200,-0.44
1424230800,-0.43
1424231400,-0.53
1424232000,-0.5
1424232600,-0.36
1424233200,-0.5
1424233800,-0.57
1424234400,-0.43
1424235000,-0.4
1424235600,-0.6
1424236200,-0.55
1424236800,-0.59
1424237400,-0.53
1424238000,-0.54
1424238600,-0.49
1424239200,-0.57
1424239800,-0.37
1424240400,-0.38
1424241000,-0.49
1424241600,-0.35
1424242200,-0.36
1424242800,-0.35
1424243400,-0.3
1424244000,-0.32
1424244600,-0.45
1424245200,-0.37
1424245800,-0.37
1424246400,-0.36
1424247000,-0.37
1424247600,-0.36
1424248200,-0.41
1424248800,-0.4
1424249400,-0.34
1424250000,-0.37
1424250600,-0.36
1424251200,-0.37
1424251800,-0.37
1424252400,-0.4
1424253000,-0.35
1424253600,-0.38
1424254200,-0.35
1424254800,-0.34
1424255400,-0.33
1424256000,-0.52
1424256600,-0.32
1424257200,-0.32
1424257800,-0.32
1424258400,-0.35
1424259000,-0.35
1424259600,-0.32
1424260200,-0.39
1424260800,-0.45
1424261400,-0.39
1424262000,-0.37
1424262600,-0.25
1424263200,-0.23
1424263800,-0.27
1424264400,-0.16
1424265000,-0.24
1424265600,-0.19
1424266200,-0.23
1424266800,-0.29
1424267400,-0.32
1424268000,-0.23
1424268600,-0.49
1424269200,-0.21
1424269800,-0.29
1424270400,-0.3
1424271000,-0.32
1424271600,-0.32
1424272200,-0.35
1424272800,-0.24
1424273400,-0.19
1424274000,-0.33
1424274600,-0.32
1424275200,-0.35
1424275800,-0.32
1424276400,-0.3
1424277000,-0.28
1424277600,-0.31
1424278200,-0.23
1424278800,-0.31
1424279400,-0.27
1424280000,-0.28
1424280600,-0.45
1424281200,-0.32
1424281800,-0.36
1424282400,-0.28
1424283000,-0.34
1424283600,-0.42
1424284200,-0.22
1424284800,-0.16
1424285400,-0.23
1424286000,-0.22
1424286600,-0.27
1424287200,-0.35
1424287800,-0.23
1424288400,-0.41
1424289000,-0.21
1424289600,-0.23
1424290200,-0.21
1424290800,-0.13
1424291400,-0.17
1424292000,-0.17
1424292600,-0.21
1424293200,-0.46
1424293800,-0.38
1424294400,-0.45
1424295000,-0.38
1424295600,-0.49
1424296200,-0.29
1424296800,-0.51
1424297400,-0.32
1424298000,-0.21
1424298600,-0.28
1424299200,-0.31
1424299800,-0.39
1424300400,-0.26
1424301000,-0.36
1424301600,-0.39
1424302200,-0.46
1424302800,-0.47
1424303400,-0.44
1424304000,-0.31
1424304600,-0.44
1424305200,-0.24
1424305800,-0.39
1424306400,-0.41
1424307000,-0.4
1424307600,-0.37
1424308200,-0.24
1424308800,-0.41
1424309400,-0.34
1424310000,-0.39
1424310600,-0.39
1424311200,-0.37
1424311800,-0.29
1424312400,-0.42
1424313000,-0.37
1424313600,-0.28
1424314200,-0.39
1424314800,-0.52
1424315400,-0.38
1424316000,-0.25
1424316600,-0.26
1424317200,-0.22
1424317800,-0.26
1424318400,-0.42
1424319000,-0.46
1424319600,-0.52
1424320200,-0.45
1424320800,-0.41
1424321400,-0.4
1424322000,-0.37
1424322600,-0.4
1424323200,-0.46
1424323800,-0.26
1424324400,-0.31
1424325000,-0.45
1424325600,-0.47
1424326200,-0.41
1424326800,-0.54
1424327400,-0.37
1424328000,-0.47
1424328600,-0.37
1424329200,-0.44
1424329800,-0.22
1424330400,-0.28
1424331000,-0.25
1424331600,-0.4
1424332200,-0.41
1424332800,-0.45
1424333400,-0.45
1424334000,-0.24
1424334600,-0.44
1424335200,-0.43
1424335800,-0.45
1424336400,-0.3
1424337000,-0.41
1424337600,-0.34
1424338200,-0.48
1424338800,-0.46
1424339400,-0.46
1424340000,-0.41
1424340600,-0.38
1424341200,-0.35
1424341800,-0.42
1424342400,-0.52
1424343000,-0.27
1424343600,-0.35
1424344200,-0.3
1424344800,-0.44
1424345400,-0.27
1424346000,-0.48
1424346600,-0.18
1424347200,-0.2
1424347800,-0.38
1424348400,-0.4
1424349000,-0.33
1424349600,-0.38
1424350200,-0.33
1424350800,-0.43
1424351400,-0.23
1424352000,-0.11
1424352600,-0.21
1424353200,-0.18
1424353800,-0.21
1424354400,-0.2
1424355000,-0.23
1424355600,-0.11
1424356200,-0.17
1424356800,-0.16
1424357400,-0.12
1424358000,-0.18
1424358600,-0.13
1424359200,-0.13
1424359800,-0.23
1424360400,-0.2
1424361000,-0.15
1424361600,-0.17
1424362200,-0.45
1424362800,-0.25
1424363400,-0.19
1424364000,-0.23
1424364600,-0.21
1424365200,-0.17
1424365800,-0.21
1424366400,-0.4
1424367000,-0.19
1424367600,-0.29
1424368200,-0.3
1424368800,-0.31
1424369400,-0.37
1424370000,-0.16
1424370600,-0.2
1424371200,-0.44
1424371800,-0.32
1424372400,-0.18
1424373000,-0.27
1424373600,-0.4
1424374200,-0.18
1424374800,-0.22
1424375400,-0.33
1424376000,-0.4
1424376600,-0.13
1424377200,-0.19
1424377800,-0.23
1424378400,-0.08
1424379000,-0.27
1424379600,-0.28
1424380200,-0.16
1424380800,-0.14
1424381400,-0.24
1424382000,-0.09
1424382600,0
1424383200,-0.14
1424383800,-0.22
1424384400,-0.22
1424385000,-0.05
1424385600,-0.26
1424386200,-0.05
1424386800,-0.21
1424387400,-0.26
1424388000,-0.17
1424388600,-0.29
1424389200,-0.12
1424389800,-0.05
1424390400,-0.09
1424391000,-0.18
1424391600,-0.03
1424392200,-0.24
1424392800,-0.07
1424393400,-0.17
1424394000,-0.07
1424394600,-0.05
1424395200,-0.11
1424395800,-0.13
1424396400,-0.15
1424397000,-0.01
1424397600,-0.04
1424398200,-0.05
1424398800,-0.01
1424399400,-0.01
1424400000,-0.14
1424400600,-0.14
1424401200,-0.05
1424401800,-0.21
1424402400,-0.12
1424403000,-0.25
1424403600,-0.06
1424404200,-0.07
1424404800,-0.11
1424405400,-0.1
1424406000,-0.09
1424406600,-0.27
1424407200,-0.3
1424407800,-0.2
1424408400,-0.22
1424409000,-0.11
1424409600,-0.1
1424410200,-0.27
1424410800,-0.2
1424411400,-0.08
1424412000,-0.16
1424412600,-0.17
1424413200,-0.16
1424413800,-0.29
1424414400,-0.14
1424415000,-0.16
1424415600,-0.14
1424416200,-0.21
1424416800,-0.23
1424417400,-0.12
1424418000,-0.34
1424418600,-0.2
1424419200,-0.18
1424419800,-0.28
1424420400,-0.29
1424421000,-0.07
1424421600,-0.15
1424422200,-0.18
1424422800,-0.12
1424423400,-0.17
1424424000,-0.16
1424424600,-0.19
1424425200,-0.28
1424425800,-0.17
1424426400,-0.22
1424427000,-0.31
1424427600,-0.27
1424428200,-0.22
1424428800,-0.17
1424429400,-0.2
1424430000,-0.19
1424430600,-0.37
1424431200,-0.19
1424431800,-0.16
1424432400,-0.14
1424433000,-0.08
1424433600,-0.1
1424434200,-0.21
1424434800,-0.11
1424435400,-0.12
1424436000,-0.18
1424436600,-0.22
1424437200,-0.15
1424437800,-0.2
1424438400,-0.24
1424439000,-0.17
1424439600,-0.16
1424440200,-0.24
1424440800,-0.1
1424441400,-0.06
1424442000,-0.06
1424442600,-0.12
1424443200,-0.25
1424443800,-0.15
1424444400,-0.12
1424445000,-0.15
1424445600,-0.02
1424446200,-0.22
1424446800,-0.14
1424447400,-0.11
1424448000,-0.25
1424448600,-0.13
1424449200,-0.08
1424449800,-0.14
1424450400,-0.14
1424451000,-0.09
1424451600,-0.11
1424452200,-0.26
1424452800,-0.22
1424453400,-0.15
1424454000,-0.34
1424454600,-0.28
1424455200,-0.26
1424455800,-0.21
1424456400,-0.45
1424457000,-0.28
1424457600,-0.26
1424458200,-0.38
1424458800,-0.3
1424459400,-0.25
1424460000,-0.24
1424460600,-0.22
1424461200,-0.25
1424461800,-0.22
1424462400,-0.2
1424463000,-0.23
1424463600,-0.25
1424464200,-0.29
1424464800,-0.34
1424465400,-0.41
1424466000,-0.2
1424466600,-0.2
1424467200,-0.29
1424467800,-0.17
1424468400,-0.38
1424469000,-0.16
1424469600,-0.15
1424470200,-0.16
1424470800,-0.23
1424471400,-0.32
1424472000,-0.14
1424472600,-0.2
1424473200,-0.25
1424473800,-0.17
1424474400,-0.41
1424475000,-0.29
1424475600,-0.18
1424476200,-0.23
1424476800,-0.23
1424477400,-0.37
1424478000,-0.24
1424478600,-0.19
1424479200,-0.22
1424479800,-0.2
1424480400,-0.19
1424481000,-0.27
1424481600,-0.41
1424482200,-0.25
1424482800,-0.2
1424483400,-0.19
1424484000,-0.34
1424484600,-0.28
1424485200,-0.2
1424485800,-0.24
1424486400,-0.17
1424487000,-0.16
1424487600,-0.39
1424488200,-0.33
1424488800,-0.15
1424489400,-0.17
1424490000,-0.17
1424490600,-0.31
1424491200,-0.36
1424491800,-0.18
1424492400,-0.21
1424493000,-0.25
1424493600,-0.14
1424494200,-0.23
1424494800,-0.19
1424495400,-0.16
1424496000,-0.13
1424496600,-0.2
1424497200,-0.1
1424497800,-0.1
1424498400,-0.15
1424499000,-0.15
1424499600,-0.26
1424500200,-0.15
1424500800,-0.27
1424501400,-0.19
1424502000,-0.18
1424502600,-0.33
1424503200,-0.24
1424503800,-0.34
1424504400,-0.39
1424505000,-0.3
1424505600,-0.24
1424506200,-0.33
1424506800,-0.39
1424507400,-0.36
1424508000,-0.26
1424508600,-0.27
1424509200,-0.46
1424509800,-0.42
1424510400,-0.41
1424511000,-0.25
1424511600,-0.44
1424512200,-0.45
1424512800,-0.34
1424513400,-0.49
1424514000,-0.4
1424514600,-0.43
1424515200,-0.48
1424515800,-0.38
1424516400,-0.51
1424517000,-0.35
1424517600,-0.41
1424518200,-0.49
1424518800,-0.54
1424519400,-0.33
1424520000,-0.48
1424520600,-0.53
1424521200,-0.34
1424521800,-0.5
1424522400,-0.42
1424523000,-0.55
1424523600,-0.46
1424524200,-0.42
1424524800,-0.43
1424525400,-0.44
1424526000,-0.45
1424526600,-0.53
1424527200,-0.53
1424527800,-0.54
1424528400,-0.57
1424529000,-0.46
1424529600,-0.52
1424530200,-0.43
1424530800,-0.38
1424531400,-0.37
1424532000,-0.49
1424532600,-0.49
1424533200,-0.37
1424533800,-0.33
1424534400,-0.54
1424535000,-0.44
1424535600,-0.46
1424536200,-0.35
1424536800,-0.36
1424537400,-0.55
1424538000,-0.5
1424538600,-0.5
1424539200,-0.54
1424539800,-0.31
1424540400,-0.48
1424541000,-0.5
1424541600,-0.33
1424542200,-0.47
1424542800,-0.51
1424543400,-0.42
1424544000,-0.34
1424544600,-0.38
1424545200,-0.33
1424545800,-0.46
1424546400,-0.39
1424547000,-0.41
1424547600,-0.49
1424548200,-0.46
1424548800,-0.48
1424549400,-0.41
1424550000,-0.4
1424550600,-0.24
1424551200,-0.3
1424551800,-0.47
1424552400,-0.21
1424553000,-0.29
1424553600,-0.32
1424554200,-0.24
1424554800,-0.21
1424555400,-0.35
1424556000,-0.32
1424556600,-0.35
1424557200,-0.17
1424557800,-0.41
1424558400,-0.22
1424559000,-0.36
1424559600,-0.33
1424560200,-0.27
1424560800,-0.27
1424561400,-0.36
1424562000,-0.42
1424562600,-0.29
1424563200,-0.38
1424563800,-0.4
1424564400,-0.28
1424565000,-0.21
1424565600,-0.19
1424566200,-0.46
1424566800,-0.4
1424567400,-0.4
1424568000,-0.51
1424568600,-0.38
1424569200,-0.38
1424569800,-0.33
1424570400,-0.43
1424571000,-0.4
1424571600,-0.49
1424572200,-0.34
1424572800,-0.39
1424573400,-0.4
1424574000,-0.36
1424574600,-0.42
1424575200,-0.52
1424575800,-0.52
1424576400,-0.35
1424577000,-0.33
1424577600,-0.35
1424578200,-0.24
1424578800,-0.25
1424579400,-0.33
1424580000,-0.21
1424580600,-0.24
1424581200,-0.3
1424581800,-0.25
1424582400,-0.2
1424583000,-0.2
1424583600,-0.27
1424584200,-0.23
1424584800,-0.26
1424585400,-0.24
1424586000,-0.25
1424586600,-0.28
1424587200,-0.2
1424587800,-0.16
1424588400,-0.19
1424589000,-0.24
1424589600,-0.22
1424590200,-0.31
1424590800,-0.29
1424591400,-0.36
1424592000,-0.22
1424592600,-0.22
1424593200,-0.22
1424593800,-0.24
1424594400,-0.22
1424595000,-0.41
1424595600,-0.28
1424596200,-0.23
1424596800,-0.26
1424597400,-0.25
1424598000,-0.36
1424598600,-0.32
1424599200,-0.37
1424599800,-0.4
1424600400,-0.28
1424601000,-0.31
1424601600,-0.33
1424602200,-0.31
1424602800,-0.53
1424603400,-0.34
1424604000,-0.44
1424604600,-0.51
1424605200,-0.45
1424605800,-0.34
1424606400,-0.54
1424607000,-0.53
1424607600,-0.42
1424608200,-0.54
1424608800,-0.45
1424609400,-0.53
1424610000,-0.54
1424610600,-0.42
1424611200,-0.42
1424611800,-0.41
1424612400,-0.37
1424613000,-0.56
1424613600,-0.45
1424614200,-0.47
1424614800,-0.56
1424615400,-0.56
1424616000,-0.58
1424616600,-0.47
1424617200,-0.51
1424617800,-0.39
1424618400,-0.56
1424619000,-0.43
1424619600,-0.42
1424620200,-0.49
1424620800,-0.57
1424621400,-0.45
1424622000,-0.56
1424622600,-0.44
1424623200,-0.42
1424623800,-0.6
1424624400,-0.42
1424625000,-0.39
1424625600,-0.47
1424626200,-0.59
1424626800,-0.49
1424627400,-0.47
1424628000,-0.47
1424628600,-0.56
1424629200,-0.48
1424629800,-0.55
1424630400,-0.54
1424631000,-0.61
1424631600,-0.42
1424632200,-0.41
1424632800,-0.41
1424633400,-0.37
1424634000,-0.4
1424634600,-0.5
1424635200,-0.37
1424635800,-0.48
1424636400,-0.38
1424637000,-0.43
1424637600,-0.43
1424638200,-0.33
1424638800,-0.33
1424639400,-0.37
1424640000,-0.34
1424640600,-0.4
1424641200,-0.37
1424641800,-0.48
1424642400,-0.54
1424643000,-0.32
1424643600,-0.44
1424644200,-0.3
1424644800,-0.33
1424645400,-0.35
1424646000,-0.36
1424646600,-0.41
1424647200,-0.37
1424647800,-0.4
1424649600,-0.39
1424650200,-0.36
1424650800,-0.31
1424651400,-0.4
1424652000,-0.35
1424652600,-0.37
1424653200,-0.43
1424653800,-0.38
1424654400,-0.41
1424655000,-0.4
1424655600,-0.45
1424656200,-0.41
1424656800,-0.41
1424657400,-0.44
1424658000,-0.43
1424658600,-0.56
1424659200,-0.44
1424659800,-0.41
1424660400,-0.45
1424661000,-0.41
1424661600,-0.58
1424662200,-0.43
1424662800,-0.46
1424663400,-0.4
1424664000,-0.48
1424664600,-0.45
1424665200,-0.43
1424665800,-0.44
1424666400,-0.45
1424667000,-0.52
1424667600,-0.48
1424668200,-0.54
1424668800,-0.44
1424669400,-0.44
1424670000,-0.42
1424670600,-0.51
1424671200,-0.41
1424671800,-0.43
1424672400,-0.44
1424673000,-0.49
1424673600,-0.43
1424674200,-0.44
1424674800,-0.45
1424675400,-0.41
1424676000,-0.46
1424676600,-0.43
1424677200,-0.45
1424677800,-0.48
1424678400,-0.49
1424679000,-0.47
1424679600,-0.43
1424680200,-0.47
1424680800,-0.58
1424681400,-0.45
1424682000,-0.46
1424682600,-0.53
1424683200,-0.49
1424683800,-0.43
1424684400,-0.44
1424685000,-0.46
1424685600,-0.49
1424686200,-0.51
1424686800,-0.44
1424687400,-0.45
1424688000,-0.47
1424688600,-0.51
1424689200,-0.49
1424689800,-0.53
1424690400,-0.56
1424691000,-0.55
1424691600,-0.48
1424692200,-0.44
1424692800,-0.46
1424693400,-0.45
1424694000,-0.54
1424694600,-0.48
1424695200,-0.53
1424695800,-0.5
1424696400,-0.54
1424697000,-0.55
1424697600,-0.57
1424698200,-0.48
1424698800,-0.51
1424699400,-0.54
1424700000,-0.48
1424700600,-0.52
1424701200,-0.53
1424701800,-0.49
1424702400,-0.46
1424703000,-0.44
1424703600,-0.51
1424704200,-0.51
1424704800,-0.45
1424705400,-0.48
1424706000,-0.42
1424706600,-0.53
1424707200,-0.53
1424707800,-0.46
1424708400,-0.46
1424709000,-0.47
1424709600,-0.45
1424710200,-0.49
1424710800,-0.62
1424711400,-0.56
1424712000,-0.56
1424712600,-0.53
1424713200,-0.62
1424713800,-0.55
1424714400,-0.63
1424715000,-0.62
1424715600,-0.5
1424716200,-0.64
1424716800,-0.61
1424717400,-0.56
1424718000,-0.62
1424718600,-0.57
1424719200,-0.61
1424719800,-0.54
1424720400,-0.65
1424721000,-0.55
1424721600,-0.66
1424722200,-0.58
1424722800,-0.64
1424723400,-0.58
1424724000,-0.57
1424724600,-0.67
1424725200,-0.64
1424725800,-0.72
1424726400,-0.52
1424727000,-0.67
1424727600,-0.52
1424728200,-0.63
1424728800,-0.66
1424729400,-0.6
1424730000,-0.68
1424730600,-0.64
1424731200,-0.57
1424731800,-0.69
1424732400,-0.59
1424733000,-0.69
1424733600,-0.69
1424734200,-0.56
1424734800,-0.69
1424735400,-0.69
1424736000,-0.56
1424736600,-0.59
1424737200,-0.73
1424737800,-0.7
1424738400,-0.71
1424739000,-0.69
1424739600,-0.61
1424740200,-0.62
1424740800,-0.67
1424741400,-0.68
1424742000,-0.6
1424742600,-0.64
1424743200,-0.65
1424743800,-0.75
1424744400,-0.62
1424745000,-0.72
1424745600,-0.7
1424746200,-0.61
1424746800,-0.58
1424747400,-0.67
1424748000,-0.65
1424748600,-0.65
1424749200,-0.7
1424749800,-0.57
1424750400,-0.68
1424751000,-0.64
1424751600,-0.67
1424752200,-0.59
1424752800,-0.65
1424753400,-0.67
1424754000,-0.63
1424754600,-0.68
1424755200,-0.69
1424755800,-0.7
1424756400,-0.72
1424757000,-0.64
1424757600,-0.7
1424758200,-0.72
1424758800,-0.57
1424759400,-0.64
1424760000,-0.53
1424760600,-0.66
1424761200,-0.61
1424761800,-0.58
1424762400,-0.56
1424763000,-0.55
1424763600,-0.54
1424764200,-0.53
1424764800,-0.54
1424765400,-0.65
1424766000,-0.53
1424766600,-0.54
1424767200,-0.52
1424767800,-0.66
1424768400,-0.53
1424769000,-0.54
1424769600,-0.59
1424770200,-0.55
1424770800,-0.5
1424771400,-0.48
1424772000,-0.5
1424772600,-0.51
1424773200,-0.48
1424773800,-0.48
1424774400,-0.6
1424775000,-0.58
1424775600,-0.45
1424776200,-0.52
1424776800,-0.56
1424777400,-0.49
1424778000,-0.47
1424778600,-0.45
1424779200,-0.44
1424779800,-0.43
1424780400,-0.49
1424781000,-0.43
1424781600,-0.48
1424782200,-0.4
1424782800,-0.42
1424783400,-0.34
1424784000,-0.47
1424784600,-0.43
1424785200,-0.42
1424785800,-0.46
1424786400,-0.42
1424787000,-0.42
1424787600,-0.39
1424788200,-0.44
1424788800,-0.43
1424789400,-0.39
1424790000,-0.48
1424790600,-0.55
1424791200,-0.48
1424791800,-0.49
1424792400,-0.37
1424793000,-0.5
1424793600,-0.54
1424794200,-0.39
1424794800,-0.48
1424795400,-0.55
1424796000,-0.52
1424796600,-0.59
1424797200,-0.51
1424797800,-0.52
1424798400,-0.53
1424799000,-0.56
1424799600,-0.56
1424800200,-0.59
1424800800,-0.52
1424801400,-0.45
1424802000,-0.59
1424802600,-0.47
1424803200,-0.5
1424803800,-0.52
1424804400,-0.53
1424805000,-0.54
1424805600,-0.41
1424806200,-0.47
1424806800,-0.57
1424807400,-0.52
1424808000,-0.52
1424808600,-0.38
1424809200,-0.53
1424809800,-0.56
1424810400,-0.51
1424811000,-0.32
1424811600,-0.44
1424812200,-0.33
1424812800,-0.3
1424813400,-0.51
1424814000,-0.31
1424814600,-0.29
1424815200,-0.33
1424815800,-0.29
1424816400,-0.25
1424817000,-0.47
1424817600,-0.39
1424818200,-0.31
1424818800,-0.26
1424819400,-0.3
1424820000,-0.43
1424820600,-0.27
1424821200,-0.29
1424821800,-0.3
1424822400,-0.29
1424823000,-0.23
1424823600,-0.22
1424824200,-0.36
1424824800,-0.28
1424825400,-0.24
1424826000,-0.22
1424826600,-0.28
1424827200,-0.24
1424827800,-0.3
1424828400,-0.23
1424829000,-0.23
1424829600,-0.29
1424830200,-0.26
1424830800,-0.18
1424831400,-0.2
1424832000,-0.24
1424832600,-0.22
1424833200,-0.26
1424833800,-0.39
1424834400,-0.43
1424835000,-0.29
1424835600,-0.31
1424836200,-0.29
1424836800,-0.38
1424837400,-0.25
1424838000,-0.29
1424838600,-0.4
1424839200,-0.34
1424839800,-0.27
1424840400,-0.42
1424841000,-0.39
1424841600,-0.46
1424842200,-0.43
1424842800,-0.32
1424843400,-0.34
1424844000,-0.4
1424844600,-0.44
1424845200,-0.36
1424845800,-0.35
1424846400,-0.29
1424847000,-0.48
1424847600,-0.35
1424848200,-0.29
1424848800,-0.32
1424849400,-0.44
1424850000,-0.31
1424850600,-0.31
1424851200,-0.32
1424851800,-0.48
1424852400,-0.35
1424853000,-0.43
1424853600,-0.38
1424854200,-0.26
1424854800,-0.42
1424855400,-0.35
1424856000,-0.37
1424856600,-0.33
1424857200,-0.34
1424857800,-0.36
1424858400,-0.32
1424859000,-0.28
1424859600,-0.27
1424860200,-0.31
1424860800,-0.28
1424861400,-0.52
1424862000,-0.35
1424862600,-0.29
1424863200,-0.26
1424863800,-0.32
1424864400,-0.45
1424865000,-0.34
1424865600,-0.38
1424866200,-0.44
1424866800,-0.34
1424867400,-0.42
1424868000,-0.45
1424868600,-0.33
1424869200,-0.45
1424869800,-0.33
1424870400,-0.25
1424871000,-0.3
1424871600,-0.31
1424872200,-0.36
1424872800,-0.32
1424873400,-0.36
1424874000,-0.35
1424874600,-0.4
1424875200,-0.36
1424875800,-0.24
1424876400,-0.4
1424877000,-0.21
1424877600,-0.25
1424878200,-0.21
1424878800,-0.25
1424879400,-0.36
1424880000,-0.29
1424880600,-0.27
1424881200,-0.26
1424881800,-0.37
1424882400,-0.24
1424883000,-0.23
1424883600,-0.22
1424884200,-0.19
1424884800,-0.22
1424885400,-0.27
1424886000,-0.24
1424886600,-0.3
1424887200,-0.21
1424887800,-0.29
1424888400,-0.38
1424889000,-0.33
1424889600,-0.31
1424890200,-0.27
1424890800,-0.22
1424891400,-0.31
1424892000,-0.38
1424892600,-0.38
1424893200,-0.39
1424893800,-0.25
1424894400,-0.26
1424895000,-0.35
1424895600,-0.29
1424896200,-0.19
1424896800,-0.24
1424897400,-0.26
1424898000,-0.33
1424898600,-0.41
1424899200,-0.32
1424899800,-0.5
1424900400,-0.45
1424901000,-0.43
1424901600,-0.4
1424902200,-0.42
1424902800,-0.49
1424903400,-0.44
1424904000,-0.37
1424904600,-0.48
1424905200,-0.39
1424905800,-0.45
1424906400,-0.5
1424907000,-0.46
1424907600,-0.55
1424908200,-0.43
1424908800,-0.48
1424909400,-0.42
1424910000,-0.5
1424910600,-0.5
1424911200,-0.47
1424911800,-0.59
1424912400,-0.42
1424913000,-0.31
1424913600,-0.54
1424914200,-0.35
1424914800,-0.45
1424915400,-0.5
1424916000,-0.39
1424916600,-0.47
1424917200,-0.46
1424917800,-0.48
1424918400,-0.4
1424919000,-0.45
1424919600,-0.47
1424920200,-0.56
1424920800,-0.46
1424921400,-0.5
1424922000,-0.51
1424922600,-0.47
1424923200,-0.52
1424923800,-0.36
1424924400,-0.42
1424925000,-0.41
1424925600,-0.54
1424926200,-0.52
1424926800,-0.42
1424927400,-0.4
1424928000,-0.49
1424928600,-0.45
1424929200,-0.44
1424929800,-0.5
1424930400,-0.41
1424931000,-0.42
1424931600,-0.48
1424932200,-0.47
1424932800,-0.45
1424933400,-0.34
1424934000,-0.48
1424934600,-0.41
1424935200,-0.51
1424935800,-0.42
1424936400,-0.45
1424937000,-0.54
1424937600,-0.45
1424938200,-0.44
1424938800,-0.45
1424939400,-0.36
1424940000,-0.52
1424940600,-0.32
1424941200,-0.35
1424941800,-0.34
1424942400,-0.44
1424943000,-0.57
1424943600,-0.56
1424944200,-0.52
1424944800,-0.37
1424945400,-0.41
1424946000,-0.48
1424946600,-0.39
1424947200,-0.46
1424947800,-0.49
1424948400,-0.52
1424949000,-0.44
1424949600,-0.5
1424950200,-0.39
1424950800,-0.51
1424951400,-0.46
1424952000,-0.46
1424952600,-0.47
1424953200,-0.32
1424953800,-0.41
1424954400,-0.36
1424955000,-0.24
1424955600,-0.22
1424956200,-0.36
1424956800,-0.44
1424957400,-0.44
1424958000,-0.42
1424958600,-0.48
1424959200,-0.33
1424959800,-0.33
1424960400,-0.29
1424961000,-0.29
1424961600,-0.3
1424962200,-0.22
1424962800,-0.27
1424963400,-0.26
1424964000,-0.38
1424964600,-0.35
1424965200,-0.45
1424965800,-0.28
1424966400,-0.36
1424967000,-0.27
1424967600,-0.39
1424968200,-0.26
1424968800,-0.25
1424969400,-0.27
1424970000,-0.36
1424970600,-0.32
1424971200,-0.3
1424971800,-0.32
1424972400,-0.3
1424973000,-0.38
1424973600,-0.41
1424974200,-0.31
1424974800,-0.32
1424975400,-0.33
1424976000,-0.29
1424976600,-0.32
1424977200,-0.31
1424977800,-0.38
1424978400,-0.41
1424979000,-0.28
1424979600,-0.23
1424980200,-0.41
1424980800,-0.44
1424981400,-0.24
1424982000,-0.21
1424982600,-0.27
1424983200,-0.28
1424983800,-0.4
1424984400,-0.34
1424985000,-0.18
1424985600,-0.27
1424986200,-0.22
1424986800,-0.26
1424987400,-0.25
1424988000,-0.24
1424988600,-0.2
1424989200,-0.26
1424989800,-0.27
1424990400,-0.39
1424991000,-0.17
1424991600,-0.22
1424992200,-0.22
1424992800,-0.34
1424993400,-0.19
1424994000,-0.28
1424994600,-0.26
1424995200,-0.25
1424995800,-0.12
1424996400,-0.13
1424997000,-0.32
1424997600,-0.19
1424998200,-0.18
1424998800,-0.36
1424999400,-0.19
1425000000,-0.24
1425000600,-0.24
1425001200,-0.21
1425001800,-0.19
1425002400,-0.23
1425003000,-0.23
1425003600,-0.23
1425004200,-0.25
1425004800,-0.19
1425005400,-0.2
1425006000,-0.37
1425006600,-0.26
1425007200,-0.25
1425007800,-0.25
1425008400,-0.27
1425009000,-0.2
1425009600,-0.23
1425010200,-0.28
1425010800,-0.26
1425011400,-0.25
1425012000,-0.3
1425012600,-0.26
1425013200,-0.34
1425013800,-0.28
1425014400,-0.24
1425015000,-0.29
1425015600,-0.29
1425016200,-0.35
1425016800,-0.29
1425017400,-0.29
1425018000,-0.27
1425018600,-0.35
1425019200,-0.32
1425019800,-0.28
1425020400,-0.31
1425021000,-0.39
1425021600,-0.25
1425022200,-0.3
1425022800,-0.26
1425023400,-0.26
1425024000,-0.25
1425024600,-0.37
1425025200,-0.26
1425025800,-0.22
1425026400,-0.26
1425027000,-0.31
1425027600,-0.28
1425028200,-0.16
1425028800,-0.35
1425029400,-0.27
1425030000,-0.34
1425030600,-0.26
1425031200,-0.25
1425031800,-0.31
1425032400,-0.33
1425033000,-0.32
1425033600,-0.31
1425034200,-0.34
1425034800,-0.33
1425035400,-0.38
1425036000,-0.35
1425036600,-0.5
1425037200,-0.46
1425037800,-0.4
1425038400,-0.42
1425039000,-0.4
1425039600,-0.42
1425040200,-0.38
1425040800,-0.36
1425041400,-0.42
1425042000,-0.52
1425042600,-0.55
1425043200,-0.47
1425043800,-0.42
1425044400,-0.53
1425045000,-0.42
1425045600,-0.56
1425046200,-0.57
1425046800,-0.46
1425047400,-0.51
1425048000,-0.5
1425048600,-0.45
1425049200,-0.31
1425049800,-0.47
1425050400,-0.36
1425051000,-0.45
1425051600,-0.42
1425052200,-0.47
1425052800,-0.48
1425053400,-0.49
1425054000,-0.41
1425054600,-0.46
1425055200,-0.38
1425057600,-0.46
1425058200,-0.43
1425058800,-0.48
1425059400,-0.52
1425060000,-0.42
1425060600,-0.42
1425061200,-0.38
1425061800,-0.42
1425062400,-0.41
1425063000,-0.48
1425063600,-0.47
1425064200,-0.4
1425064800,-0.38
1425065400,-0.4
1425066000,-0.4
1425066600,-0.45
1425067200,-0.53
1425067800,-0.41
1425068400,-0.55
1425069000,-0.38
1425069600,-0.47
1425070200,-0.4
1425070800,-0.5
1425071400,-0.39
1425072000,-0.54
1425072600,-0.41
1425073200,-0.58
1425073800,-0.54
1425074400,-0.44
1425075000,-0.42
1425075600,-0.49
1425076200,-0.56
1425076800,-0.53
1425077400,-0.56
1425078000,-0.52
1425078600,-0.6
1425079200,-0.58
1425079800,-0.45
1425080400,-0.61
1425081000,-0.53
1425081600,-0.54
1425082200,-0.52
1425082800,-0.5
1425083400,-0.56
1425084000,-0.4
1425084600,-0.56
1425085200,-0.58
1425085800,-0.48
1425086400,-0.58
1425087000,-0.59
1425087600,-0.58
1425088200,-0.5
1425088800,-0.54
1425089400,-0.52
1425090000,-0.54
1425090600,-0.58
1425091200,-0.6
1425091800,-0.45
1425092400,-0.54
1425093000,-0.48
1425093600,-0.52
1425094200,-0.49
1425094800,-0.55
1425095400,-0.56
1425096000,-0.47
1425096600,-0.44
1425097200,-0.58
1425097800,-0.41
1425098400,-0.56
1425099000,-0.5
1425099600,-0.48
1425100200,-0.45
1425100800,-0.58
1425101400,-0.55
1425102000,-0.54
1425102600,-0.58
1425103200,-0.57
1425103800,-0.59
1425104400,-0.52
1425105000,-0.58
1425105600,-0.56
1425106200,-0.52
1425106800,-0.55
1425107400,-0.55
1425108000,-0.51
1425108600,-0.51
1425109200,-0.47
1425109800,-0.55
1425110400,-0.49
1425111000,-0.51
1425111600,-0.61
1425112200,-0.59
1425112800,-0.55
1425113400,-0.6
1425114000,-0.47
1425114600,-0.52
1425115200,-0.64
1425115800,-0.56
1425116400,-0.48
1425117000,-0.5
1425117600,-0.57
1425118200,-0.53
1425118800,-0.61
1425119400,-0.65
1425120000,-0.48
1425120600,-0.54
1425121200,-0.63
1425121800,-0.56
1425122400,-0.55
1425123000,-0.58
1425123600,-0.56
1425124200,-0.59
1425124800,-0.62
1425125400,-0.63
1425126000,-0.59
1425126600,-0.65
1425127200,-0.56
1425127800,-0.63
1425128400,-0.64
1425129000,-0.61
1425129600,-0.6
1425130200,-0.65
1425130800,-0.66
1425131400,-0.54
1425132000,-0.58
1425132600,-0.7
1425133200,-0.57
1425133800,-0.68
1425134400,-0.7
1425135000,-0.71
1425135600,-0.73
1425136200,-0.57
1425136800,-0.7
1425137400,-0.69
1425138000,-0.66
1425138600,-0.68
1425139200,-0.67
1425139800,-0.65
1425140400,-0.64
1425141000,-0.65
1425141600,-0.71
1425142200,-0.59
1425142800,-0.62
1425143400,-0.71
1425144000,-0.59
1425144600,-0.59
1425145200,-0.56
1425145800,-0.58
1425146400,-0.69
1425147000,-0.67
1425147600,-0.69
1425148200,-0.63
1425148800,-0.55
1425149400,-0.61
1425150000,-0.54
1425150600,-0.59
1425151200,-0.6
1425151800,-0.54
1425152400,-0.54
1425153000,-0.51
1425153600,-0.48
1425154200,-0.59
1425154800,-0.62
1425155400,-0.52
1425156000,-0.59
1425156600,-0.59
1425157200,-0.55
1425157800,-0.56
1425158400,-0.54
1425159000,-0.66
1425159600,-0.56
1425160200,-0.59
1425160800,-0.58
1425161400,-0.52
1425162000,-0.57
1425162600,-0.65
1425163200,-0.59
1425163800,-0.57
1425164400,-0.63
1425165000,-0.59
1425165600,-0.59
1425166200,-0.64
1425166800,-0.67
1425167400,-0.61
1425168000,-0.61
1425168600,-0.64
1425169200,-0.69
1425169800,-0.61
1425170400,-0.66
1425171000,-0.68
1425171600,-0.68
1425172200,-0.67
1425172800,-0.73
1425173400,-0.73
1425174000,-0.68
1425174600,-0.67
1425175200,-0.75
1425175800,-0.77
1425176400,-0.67
1425177000,-0.72
1425177600,-0.73
1425178200,-0.71
1425178800,-0.7
1425179400,-0.71
1425180000,-0.71
1425180600,-0.68
1425181200,-0.71
1425181800,-0.73
1425182400,-0.72
1425183000,-0.74
1425183600,-0.73
1425184200,-0.69
1425184800,-0.73
1425185400,-0.77
1425186000,-0.76
1425186600,-0.74
1425187200,-0.75
1425187800,-0.76
1425188400,-0.77
1425189000,-0.76
1425189600,-0.71
1425190200,-0.82
1425190800,-0.71
1425191400,-0.78
1425192000,-0.82
1425192600,-0.73
1425193200,-0.77
1425193800,-0.73
1425194400,-0.73
1425195000,-0.76
1425195600,-0.77
1425196200,-0.77
1425196800,-0.75
1425197400,-0.81
1425198000,-0.8
1425198600,-0.74
1425199200,-0.79
1425199800,-0.79
1425200400,-0.74
1425201000,-0.76
1425201600,-0.72
1425202200,-0.81
1425202800,-0.78
1425203400,-0.8
1425204000,-0.82
1425204600,-0.7
1425205200,-0.78
1425205800,-0.77
1425206400,-0.8
1425207000,-0.79
1425207600,-0.82
1425208200,-0.78
1425208800,-0.75
1425209400,-0.77
1425210000,-0.77
1425210600,-0.79
1425211200,-0.83
1425211800,-0.8
1425212400,-0.74
1425213000,-0.77
1425213600,-0.83
1425214200,-0.8
1425214800,-0.78
1425215400,-0.79
1425216000,-0.78
1425216600,-0.83
1425217200,-0.81
1425217800,-0.81
1425218400,-0.74
1425219000,-0.78
1425219600,-0.78
1425220200,-0.75
1425220800,-0.73
1425221400,-0.8
1425222000,-0.82
1425222600,-0.75
1425223200,-0.72
1425223800,-0.76
1425224400,-0.81
1425225000,-0.78
1425225600,-0.78
1425226200,-0.81
1425226800,-0.76
1425227400,-0.74
1425228000,-0.68
1425228600,-0.75
1425229200,-0.78
1425229800,-0.71
1425230400,-0.8
1425231000,-0.74
1425231600,-0.78
1425232200,-0.76
1425232800,-0.79
1425233400,-0.78
1425234000,-0.76
1425234600,-0.82
1425235200,-0.77
1425235800,-0.77
1425236400,-0.79
1425237000,-0.69
1425237600,-0.74
1425238200,-0.71
1425238800,-0.73
1425239400,-0.78
1425240000,-0.75
1425240600,-0.74
1425241200,-0.76
1425241800,-0.77
1425242400,-0.75
1425243000,-0.74
1425243600,-0.7
1425244200,-0.71
1425244800,-0.74
1425245400,-0.79
1425246000,-0.74
1425246600,-0.72
1425247200,-0.76
1425247800,-0.72
1425248400,-0.75
1425249000,-0.72
1425249600,-0.74
1425250200,-0.74
1425250800,-0.76
1425251400,-0.74
1425252000,-0.75
1425252600,-0.69
1425253200,-0.7
1425253800,-0.74
1425254400,-0.74
1425255000,-0.7
1425255600,-0.74
1425256200,-0.72
1425256800,-0.78
1425257400,-0.76
1425258000,-0.76
1425258600,-0.74
1425259200,-0.73
1425259800,-0.72
1425260400,-0.71
1425261000,-0.76
1425261600,-0.71
1425262200,-0.73
1425262800,-0.72
1425263400,-0.74
1425264000,-0.78
1425264600,-0.74
1425265200,-0.77
1425265800,-0.7
1425266400,-0.73
1425267000,-0.81
1425267600,-0.73
1425268200,-0.8
1425268800,-0.75
1425269400,-0.81
1425270000,-0.73
1425270600,-0.8
1425271200,-0.76
1425271800,-0.8
1425272400,-0.75
1425273000,-0.74
1425273600,-0.76
1425274200,-0.77
1425274800,-0.79
1425275400,-0.77
1425276000,-0.73
1425276600,-0.78
1425277200,-0.74
1425277800,-0.78
1425278400,-0.71
1425279000,-0.78
1425279600,-0.78
1425280200,-0.74
1425280800,-0.75
1425281400,-0.76
1425282000,-0.74
1425282600,-0.76
1425283200,-0.75
1425283800,-0.77
1425284400,-0.79
1425285000,-0.76
1425285600,-0.74
1425286200,-0.82
1425286800,-0.75
1425287400,-0.7
1425288000,-0.75
1425288600,-0.77
1425289200,-0.73
1425289800,-0.73
1425290400,-0.76
1425291000,-0.73
1425291600,-0.76
1425292200,-0.75
1425292800,-0.77
1425293400,-0.73
1425294000,-0.72
1425294600,-0.72
1425295200,-0.76
1425295800,-0.75
1425296400,-0.77
1425297000,-0.73
1425297600,-0.72
1425298200,-0.71
1425298800,-0.77
1425299400,-0.8
1425300000,-0.77
1425300600,-0.76
1425301200,-0.75
1425301800,-0.75
1425302400,-0.71
1425303000,-0.8
1425303600,-0.78
1425304200,-0.77
1425304800,-0.7
1425305400,-0.79
1425306000,-0.77
1425306600,-0.77
1425307200,-0.72
1425307800,-0.73
1425308400,-0.74
1425309000,-0.74
1425309600,-0.71
1425310200,-0.73
1425310800,-0.71
1425311400,-0.72
1425312000,-0.76
1425312600,-0.71
1425313200,-0.78
1425313800,-0.77
1425314400,-0.71
1425315000,-0.75
1425315600,-0.76
1425316200,-0.73
1425316800,-0.76
1425317400,-0.74
1425318000,-0.71
1425318600,-0.72
1425319200,-0.71
1425319800,-0.72
1425320400,-0.73
1425321000,-0.75
1425321600,-0.73
1425322200,-0.73
1425322800,-0.81
1425323400,-0.79
1425324600,-0.86
