1423864800,4.35
1423869000,4.35
1423870200,4.26
1423870800,3.84
1423871400,3.97
1423872000,4.3
1423872600,3.84
1423873200,4.52
1423873800,4.14
1423874400,3.64
1423875000,4.15
1423875600,4.26
1423876200,4.25
1423876800,4.2
1423877400,3.66
1423878000,4.4
1423878600,4.12
1423879200,4.37
1423879800,3.82
1423880400,3.68
1423881000,3.59
1423881600,3.55
1423882200,3.73
1423882800,3.64
1423883400,3.12
1423884000,3.48
1423884600,4.07
1423885200,4.02
1423885800,4.27
1423886400,4.67
1423887000,4.08
1423887600,4.7
1423888200,4.33
1423888800,4.61
1423889400,4.65
1423890000,5.21
1423890600,5.07
1423891200,6.21
1423891800,5.57
1423892400,5.85
1423893000,5.01
1423893600,5.69
1423894200,4.9
1423894800,5.44
1423895400,4.89
1423896000,4.53
1423896600,4.99
1423897200,4.56
1423897800,4.57
1423898400,4.1
1423899000,4.07
1423899600,4.51
1423902000,4
1423902600,4.27
1423903200,4.88
1423903800,4.42
1423904400,4.26
1423905000,4.75
1423905600,4.69
1423906200,4.83
1423906800,4.3
1423907400,4.62
1423908000,4.64
1423908600,4.75
1423909200,4.27
1423909800,4.75
1423910400,4.93
1423911000,5.1
1423911600,5.41
1423912200,4.89
1423912800,5.22
1423913400,5.04
1423914000,5.08
1423914600,5.41
1423915200,5.52
1423915800,4.81
1423916400,5.46
1423917000,4.76
1423917600,5.42
1423918200,4.98
1423918800,5.69
1423919400,5.85
1423920000,5.98
1423920600,4.86
1423921200,4.85
1423921800,5.83
1423922400,5.57
1423923000,4.91
1423923600,5.68
1423924200,5.74
1423924800,5.46
1423925400,5.26
1423926000,4.36
1423926600,4.49
1423927200,4.46
1423927800,4.15
1423928400,3.85
1423929000,4.5
1423929600,3.6
1423930200,3.51
1423930800,3.56
1423931400,3.48
1423932000,3.33
1423932600,3.75
1423933200,3.99
1423933800,3.59
1423934400,4.1
1423935000,4.37
1423935600,4.57
1423936200,3.97
1423936800,3.96
1423937400,4.38
1423938000,4.67
1423938600,4.12
1423939200,4.83
1423939800,4.23
1423940400,4.43
1423941000,4.49
1423941600,4.85
1423942200,4.47
1423942800,4.18
1423943400,4.26
1423944000,5.01
1423944600,4.44
1423945200,4.03
1423945800,4.29
1423946400,4.43
1423947000,3.94
1423947600,4.17
1423948200,4.17
1423948800,4.34
1423949400,4.31
1423950000,4
1423950600,4.1
1423951200,4.41
1423951800,4.41
1423952400,3.74
1423953000,3.83
1423953600,3.67
1423954200,4.33
1423954800,3.64
1423955400,3.52
1423956000,3.63
1423956600,3.61
1423957200,3.6
1423957800,4.41
1423958400,3.64
1423959000,4.53
1423959600,3.78
1423960200,3.75
1423960800,4.18
1423961400,3.45
1423962000,3.54
1423962600,3.94
1423963200,3.34
1423963800,3.62
1423964400,3.41
1423965000,3.54
1423965600,3.68
1423966200,2.48
1423966800,2.53
1423967400,2.39
1423968000,2.41
1423968600,2.46
1423969200,2.51
1423969800,2.4
1423970400,2.44
1423971000,2.64
1423971600,2.64
1423972200,2.62
1423972800,2.63
1423973400,2.73
1423974000,2.74
1423974600,2.6
1423975200,2.51
1423975800,2.47
1423976400,2.5
1423977000,2.4
1423977600,2.34
1423978200,2.31
1423978800,2.39
1423979400,2.36
1423980000,2.34
1423980600,2.41
1423981200,2.39
1423981800,2.31
1423982400,2.37
1423983000,2.31
1423983600,2.28
1423984200,2.35
1423984800,2.34
1423985400,2.41
1423986000,2.31
1423986600,2.36
1423987200,2.36
1423987800,2.24
1423988400,2.2
1423989000,2.22
1423989600,2.09
1423990200,2.06
1423990800,2.18
1423991400,2.18
1423992000,2.02
1423992600,2.12
1423993200,2.09
1423993800,2.04
1423994400,1.96
1423995000,1.99
1423995600,1.97
1423996200,1.89
1423996800,1.92
1423997400,1.99
1423998000,2.07
1423998600,2.05
1423999200,2.11
1423999800,2.03
1424000400,2.15
1424001000,2.11
1424001600,2.13
1424002200,2.18
1424002800,2.23
1424003400,2.2
1424004000,2.2
1424004600,2.41
1424005200,2.42
1424005800,2.4
1424006400,2.42
1424007000,2.51
1424007600,2.54
1424008200,2.54
1424008800,2.44
1424009400,2.54
1424010000,2.59
1424010600,2.43
1424011200,2.45
1424011800,2.44
1424012400,2.3
1424013000,2.33
1424013600,2.37
1424014200,2.41
1424014800,2.45
1424015400,2.52
1424016000,2.61
1424016600,2.68
1424017200,2.54
1424017800,2.51
1424018400,2.36
1424019000,2.34
1424019600,2.44
1424020200,2.41
1424020800,2.52
1424021400,2.56
1424022000,2.52
1424022600,2.45
1424023200,2.41
1424023800,2.52
1424024400,2.43
1424025000,2.31
1424025600,2.35
1424026200,2.26
1424026800,2.47
1424027400,2.29
1424028000,2.27
1424028600,2.29
1424029200,2.3
1424029800,2.35
1424030400,2.3
1424031000,2.36
1424031600,2.26
1424032200,2.2
1424032800,2.19
1424033400,2.2
1424034000,2.2
1424034600,2.29
1424035200,2.22
1424035800,2.16
1424036400,2.24
1424037000,2.13
1424037600,2.18
1424038200,2.22
1424038800,2.18
1424039400,2.17
1424040000,2.15
1424040600,2.19
1424041200,2.12
1424041800,2.07
1424042400,2.11
1424043000,2.19
1424043600,2.01
1424044200,2.1
1424044800,2.1
1424045400,2.12
1424046000,2.14
1424046600,2.1
1424047200,2.1
1424047800,2.09
1424048400,2.13
1424049000,2.11
1424049600,2.19
1424050200,2.12
1424050800,2.22
1424051400,2.12
1424052000,2.12
1424052600,2.14
1424053200,2.17
1424053800,2.29
1424054400,2.1
1424055000,2.2
1424055600,2.23
1424056200,2.23
1424056800,2.32
1424057400,2.28
1424058000,2.26
1424058600,2.32
1424059200,2.39
1424059800,2.33
1424060400,2.4
1424061000,2.39
1424061600,2.46
1424062200,2.32
1424062800,2.46
1424063400,2.45
1424064000,2.48
1424064600,2.55
1424065200,2.61
1424065800,2.51
1424066400,2.76
1424067000,2.79
1424067600,2.81
1424068200,2.75
1424068800,2.91
1424069400,2.7
1424070000,2.72
1424070600,2.7
1424071200,2.51
1424071800,2.41
1424072400,2.51
1424073000,2.44
1424073600,2.47
1424074200,2.33
1424074800,2.41
1424075400,2.46
1424076000,2.47
1424076600,2.58
1424077200,2.51
1424077800,2.48
1424078400,2.59
1424079000,2.52
1424079600,2.41
1424080200,2.55
1424080800,2.49
1424081400,2.53
1424082000,2.51
1424082600,2.46
1424083200,2.51
1424083800,2.54
1424084400,2.61
1424085000,2.56
1424085600,2.59
1424086200,2.6
1424086800,2.56
1424087400,2.5
1424088000,2.6
1424088600,2.52
1424089200,2.48
1424089800,2.38
1424090400,2.39
1424091000,2.3
1424091600,2.31
1424092200,2.37
1424092800,2.38
1424093400,2.33
1424094000,2.52
1424094600,2.37
1424095200,2.3
1424095800,2.34
1424096400,2.4
1424097000,2.46
1424097600,2.38
1424098200,2.41
1424098800,2.61
1424099400,2.49
1424100000,2.48
1424100600,2.49
1424101200,2.6
1424101800,2.53
1424102400,2.54
1424103000,2.56
1424103600,2.81
1424104200,2.58
1424104800,2.57
1424105400,2.49
1424106000,2.55
1424106600,2.53
1424107200,2.63
1424107800,2.59
1424108400,2.68
1424109000,2.53
1424109600,2.57
1424110200,2.59
1424110800,2.58
1424111400,2.63
1424112000,2.62
1424112600,2.58
1424113200,2.77
1424113800,2.7
1424114400,2.67
1424115000,2.71
1424115600,2.59
1424116200,2.58
1424116800,2.71
1424117400,2.78
1424118000,2.6
1424118600,2.6
1424119200,2.53
1424119800,2.79
1424120400,2.65
1424121000,2.63
1424121600,2.75
1424122200,2.74
1424122800,2.71
1424123400,2.73
1424124000,2.56
1424124600,2.66
1424125200,2.69
1424125800,2.64
1424126400,2.49
1424127000,2.62
1424127600,2.58
1424128200,2.56
1424128800,2.59
1424129400,2.57
1424130000,2.6
1424130600,2.66
1424131200,2.6
1424131800,2.59
1424132400,2.62
1424133000,2.6
1424133600,2.54
1424134200,2.51
1424134800,2.56
1424135400,2.5
1424136000,2.57
1424136600,2.55
1424137200,2.54
1424137800,2.57
1424138400,2.55
1424139000,2.53
1424139600,2.49
1424140200,2.46
1424140800,2.52
1424141400,2.6
1424142000,2.64
1424142600,2.62
1424143200,2.62
1424143800,2.58
1424144400,2.66
1424145000,2.66
1424145600,2.68
1424146200,2.67
1424146800,2.65
1424147400,2.59
1424148000,2.53
1424148600,2.47
1424149200,2.43
1424149800,2.37
1424150400,2.44
1424151000,2.46
1424151600,2.5
1424152200,2.52
1424152800,2.49
1424153400,2.52
1424154000,2.6
1424154600,2.62
1424155200,2.64
1424155800,2.71
1424156400,2.69
1424157000,2.62
1424157600,2.59
1424158200,2.55
1424158800,2.57
1424159400,2.63
1424160000,2.53
1424160600,2.67
1424161200,2.5
1424161800,2.55
1424162400,2.56
1424163000,2.6
1424163600,2.53
1424164200,2.6
1424164800,2.47
1424165400,2.49
1424166000,2.63
1424166600,2.38
1424167200,2.51
1424167800,2.45
1424168400,2.43
1424169000,2.49
1424169600,2.35
1424170200,2.3
1424170800,2.39
1424171400,2.37
1424172000,2.42
1424172600,2.34
1424173200,2.4
1424173800,2.27
1424174400,2.36
1424175000,2.45
1424175600,2.34
1424176200,2.44
1424176800,2.4
1424177400,2.32
1424178000,2.4
1424178600,2.34
1424179200,2.41
1424179800,2.41
1424180400,2.39
1424181000,2.48
1424181600,2.42
1424182200,2.4
1424182800,2.55
1424183400,2.47
1424184000,2.62
1424184600,2.52
1424185200,2.54
1424185800,2.53
1424186400,2.62
1424187000,2.54
1424187600,2.51
1424188200,2.47
1424188800,2.47
1424189400,2.37
1424190000,2.35
1424190600,2.35
1424191200,2.3
1424191800,2.27
1424192400,2.3
1424193000,2.35
1424193600,2.28
1424194200,2.26
1424194800,2.34
1424195400,2.37
1424196000,2.39
1424196600,2.28
1424197200,2.37
1424197800,2.34
1424198400,2.43
1424199000,2.35
1424199600,2.32
1424200200,2.33
1424200800,2.26
1424201400,2.33
1424202000,2.19
1424202600,2.39
1424203200,2.33
1424203800,2.25
1424204400,2.25
1424205000,2.24
1424205600,2.3
1424206200,2.26
1424206800,2.25
1424207400,2.41
1424208000,2.42
1424208600,2.5
1424209200,2.49
1424209800,2.51
1424210400,2.46
1424211000,2.4
1424211600,2.44
1424212200,2.49
1424212800,2.47
1424213400,2.44
1424214000,2.46
1424214600,2.46
1424215200,2.42
1424215800,2.42
1424216400,2.46
1424217000,2.52
1424217600,2.6
1424218200,2.47
1424218800,2.49
1424219400,2.44
1424220000,2.35
1424220600,2.38
1424221200,2.38
1424221800,2.32
1424222400,2.31
1424223000,2.38
1424223600,2.43
1424224200,2.43
1424224800,2.37
1424225400,2.37
1424226000,2.36
1424226600,2.4
1424227200,2.48
1424227800,2.38
1424228400,2.35
1424229000,2.42
1424229600,2.45
1424230200,2.49
1424230800,2.46
1424231400,2.45
1424232000,2.46
1424232600,2.38
1424233200,2.4
1424233800,2.4
1424234400,2.34
1424235000,2.34
1424235600,2.36
1424236200,2.39
1424236800,2.41
1424237400,2.4
1424238000,2.41
1424238600,2.45
1424239200,2.49
1424239800,2.5
1424240400,2.5
1424241000,2.51
1424241600,2.41
1424242200,2.51
1424242800,2.52
1424243400,2.5
1424244000,2.58
1424244600,2.42
1424245200,2.56
1424245800,2.46
1424246400,2.52
1424247000,2.66
1424247600,2.46
1424248200,2.44
1424248800,2.4
1424249400,2.39
1424250000,2.39
1424250600,2.35
1424251200,2.36
1424251800,2.33
1424252400,2.46
1424253000,2.45
1424253600,2.44
1424254200,2.43
1424254800,2.5
1424255400,2.55
1424256000,2.55
1424256600,2.5
1424257200,2.48
1424257800,2.4
1424258400,2.43
1424259000,2.4
1424259600,2.47
1424260200,2.48
1424260800,2.53
1424261400,2.49
1424262000,2.39
1424262600,2.36
1424263200,2.38
1424263800,2.4
1424264400,2.34
1424265000,2.44
1424265600,2.42
1424266200,2.42
1424266800,2.44
1424267400,2.44
1424268000,2.52
1424268600,2.49
1424269200,2.47
1424269800,2.54
1424270400,2.5
1424271000,2.47
1424271600,2.58
1424272200,2.46
1424272800,2.58
1424273400,2.48
1424274000,2.55
1424274600,2.53
1424275200,2.48
1424275800,2.57
1424276400,2.48
1424277000,2.5
1424277600,2.54
1424278200,2.5
1424278800,2.47
1424279400,2.48
1424280000,2.47
1424280600,2.46
1424281200,2.4
1424281800,2.44
1424282400,2.41
1424283000,2.38
1424283600,2.4
1424284200,2.37
1424284800,2.36
1424285400,2.33
1424286000,2.29
1424286600,2.33
1424287200,2.32
1424287800,2.25
1424288400,2.35
1424289000,2.24
1424289600,2.37
1424290200,2.37
1424290800,2.34
1424291400,2.37
1424292000,2.34
1424292600,2.38
1424293200,2.47
1424293800,2.41
1424294400,2.41
1424295000,2.39
1424295600,2.39
1424296200,2.37
1424296800,2.37
1424297400,2.35
1424298000,2.33
1424298600,2.28
1424299200,2.27
1424299800,2.28
1424300400,2.27
1424301000,2.16
1424301600,2.23
1424302200,2.26
1424302800,2.36
1424303400,2.4
1424304000,2.43
1424304600,2.37
1424305200,2.31
1424305800,2.21
1424306400,2.22
1424307000,2.23
1424307600,2.22
1424308200,2.28
1424308800,2.17
1424309400,2.2
1424310000,2.16
1424310600,2.06
1424311200,2.04
1424311800,2.02
1424312400,2.03
1424313000,2.07
1424313600,2.11
1424314200,2.1
1424314800,2.14
1424315400,2.19
1424316000,2.24
1424316600,2.31
1424317200,2.3
1424317800,2.27
1424318400,2.07
1424319000,2.11
1424319600,2.26
1424320200,2.26
1424320800,2.22
1424321400,2.33
1424322000,2.36
1424322600,2.34
1424323200,2.35
1424323800,2.35
1424324400,2.36
1424325000,2.32
1424325600,2.38
1424326200,2.34
1424326800,2.34
1424327400,2.3
1424328000,2.27
1424328600,2.3
1424329200,2.32
1424329800,2.22
1424330400,2.31
1424331000,2.3
1424331600,2.37
1424332200,2.4
1424332800,2.47
1424333400,2.41
1424334000,2.43
1424334600,2.44
1424335200,2.47
1424335800,2.41
1424336400,2.42
1424337000,2.41
1424337600,2.45
1424338200,2.54
1424338800,2.47
1424339400,2.52
1424340000,2.5
1424340600,2.53
1424341200,2.52
1424341800,2.41
1424342400,2.41
1424343000,2.35
1424343600,2.53
1424344200,2.43
1424344800,2.49
1424345400,2.47
1424346000,2.52
1424346600,2.54
1424347200,2.48
1424347800,2.43
1424348400,2.45
1424349000,2.38
1424349600,2.39
1424350200,2.41
1424350800,2.4
1424351400,2.44
1424352000,2.42
1424352600,4.67
1424353200,4.18
1424353800,3.53
1424354400,3.69
1424355000,3.89
1424355600,3.57
1424356200,3.6
1424356800,4.22
1424357400,3.94
1424358000,4.22
1424358600,3.82
1424359200,5.04
1424359800,3.64
1424360400,3.56
1424361000,3.68
1424361600,4.65
1424362200,6.16
1424362800,3.28
1424363400,2.83
1424364000,3.08
1424364600,2.82
1424365200,2.6
1424365800,2.58
1424366400,2.59
1424367000,2.47
1424367600,3.17
1424368200,2.57
1424368800,2.64
1424369400,2.52
1424370000,2.53
1424370600,2.53
1424371200,2.72
1424371800,1.96
1424372400,2.42
1424373000,2.39
1424373600,2.34
1424374200,2.4
1424374800,2.41
1424375400,2.37
1424376000,2.33
1424376600,2.44
1424377200,2.26
1424377800,2.42
1424378400,2.35
1424379000,2.05
1424379600,1.96
1424380200,1.88
1424380800,2.32
1424381400,2.26
1424382000,2.32
1424382600,2.4
1424383200,2.35
1424383800,2.35
1424384400,2.36
1424385000,2.23
1424385600,2.27
1424386200,2.1
1424386800,2.2
1424387400,2.18
1424388000,2.19
1424388600,2.14
1424389200,2.23
1424389800,2.14
1424390400,2.28
1424391000,2.2
1424391600,2.2
1424392200,2.11
1424392800,2.15
1424393400,2.16
1424394000,2.17
1424394600,2.1
1424395200,2.15
1424395800,2.07
1424396400,2.17
1424397000,2.08
1424397600,2.09
1424398200,2.07
1424398800,2.12
1424399400,2.03
1424400000,2.03
1424400600,2.04
1424401200,1.95
1424401800,2.02
1424402400,2.03
1424403000,1.97
1424403600,1.94
1424404200,1.96
1424404800,1.9
1424405400,1.88
1424406000,2.01
1424406600,2.02
1424407200,2.06
1424407800,2.14
1424408400,2.1
1424409000,1.99
1424409600,2.09
1424410200,2.06
1424410800,2.09
1424411400,2.12
1424412000,2.17
1424412600,2.11
1424413200,2.2
1424413800,2.12
1424414400,2.13
1424415000,2.19
1424415600,2.16
1424416200,2.19
1424416800,2.2
1424417400,2.23
1424418000,2.21
1424418600,2.17
1424419200,2.09
1424419800,2.15
1424420400,2.14
1424421000,2.29
1424421600,2.13
1424422200,2.16
1424422800,2.19
1424423400,2.15
1424424000,2.25
1424424600,2.19
1424425200,2.23
1424425800,2.25
1424426400,2.28
1424427000,2.22
1424427600,2.2
1424428200,2.19
1424428800,2.22
1424429400,2.21
1424430000,2.16
1424430600,2.19
1424431200,2.16
1424431800,2.1
1424432400,2.13
1424433000,2.16
1424433600,2.06
1424434200,2.13
1424434800,2.16
1424435400,2.15
1424436000,2.16
1424436600,2.15
1424437200,2.14
1424437800,2.13
1424438400,2.12
1424439000,2.12
1424439600,2.09
1424440200,2.14
1424440800,2.06
1424441400,2.06
1424442000,2.04
1424442600,2.05
1424443200,1.99
1424443800,2.09
1424444400,2.11
1424445000,2.05
1424445600,2.09
1424446200,2.03
1424446800,2
1424447400,2.03
1424448000,2.01
1424448600,1.99
1424449200,1.95
1424449800,2.03
1424450400,1.89
1424451000,2.04
1424451600,1.98
1424452200,1.87
1424452800,1.96
1424453400,1.9
1424454000,1.93
1424454600,1.96
1424455200,2.04
1424455800,2.01
1424456400,2.04
1424457000,2.1
1424457600,2.08
1424458200,2.08
1424458800,2.04
1424459400,2.05
1424460000,2.02
1424460600,2.11
1424461200,2.14
1424461800,2.13
1424462400,2.16
1424463000,2.21
1424463600,2.16
1424464200,2.13
1424464800,2.12
1424465400,2.08
1424466000,2.11
1424466600,2.11
1424467200,2.14
1424467800,2.05
1424468400,2.01
1424469000,2.08
1424469600,2.1
1424470200,2.03
1424470800,2.08
1424471400,2.08
1424472000,2.11
1424472600,2.19
1424473200,2.13
1424473800,2.19
1424474400,2.13
1424475000,2.18
1424475600,2.21
1424476200,2.22
1424476800,2.16
1424477400,2.22
1424478000,2.15
1424478600,2.13
1424479200,2.09
1424479800,2.07
1424480400,2.06
1424481000,2.1
1424481600,2.1
1424482200,3.15
1424482800,2.01
1424483400,2.12
1424484000,2.13
1424484600,2.05
1424485200,2.13
1424485800,2.16
1424486400,2.09
1424487000,2.04
1424487600,2.11
1424488200,2.13
1424488800,2.15
1424489400,2.09
1424490000,2.11
1424490600,2.14
1424491200,2.09
1424491800,2.08
1424492400,2.07
1424493000,2.12
1424493600,2.16
1424494200,2.08
1424494800,2.16
1424495400,2.21
1424496000,2.09
1424496600,2.08
1424497200,2.16
1424497800,2.09
1424498400,2.14
1424499000,2.17
1424499600,2.09
1424500200,2.1
1424500800,2.16
1424501400,2.12
1424502000,2.21
1424502600,2.22
1424503200,2.26
1424503800,2.22
1424504400,2.19
1424505000,2.1
1424505600,2.18
1424506200,2.17
1424506800,2.08
1424507400,2.08
1424508000,2.06
1424508600,2.06
1424509200,2.12
1424509800,2.1
1424510400,2.11
1424511000,2.09
1424511600,2.07
1424512200,2.14
1424512800,2.21
1424513400,2.21
1424514000,2.22
1424514600,2.23
1424515200,2.23
1424515800,2.22
1424516400,2.25
1424517000,2.3
1424517600,2.27
1424518200,2.21
1424518800,2.22
1424519400,2.18
1424520000,2.27
1424520600,2.2
1424521200,2.2
1424521800,2.21
1424522400,2.25
1424523000,2.23
1424523600,2.26
1424524200,2.23
1424524800,2.28
1424525400,2.27
1424526000,2.31
1424526600,2.28
1424527200,2.29
1424527800,2.22
1424528400,2.2
1424529000,2.22
1424529600,2.26
1424530200,2.23
1424530800,2.26
1424531400,2.25
1424532000,2.25
1424532600,2.25
1424533200,2.22
1424533800,2.19
1424534400,2.26
1424535000,2.26
1424535600,2.25
1424536200,2.28
1424536800,2.26
1424537400,2.2
1424538000,2.28
1424538600,2.23
1424539200,2.24
1424539800,2.21
1424540400,2.26
1424541000,2.3
1424541600,2.34
1424542200,2.34
1424542800,2.3
1424543400,2.35
1424544000,2.26
1424544600,2.25
1424545200,2.29
1424545800,2.17
1424546400,2.23
1424547000,2.2
1424547600,2.24
1424548200,2.26
1424548800,2.23
1424549400,2.22
1424550000,2.2
1424550600,2.19
1424551200,2.22
1424551800,2.16
1424552400,2.21
1424553000,2.18
1424553600,2.16
1424554200,2.15
1424554800,2.19
1424555400,2.2
1424556000,2.19
1424556600,2.16
1424557200,2.15
1424557800,2.17
1424558400,2.21
1424559000,2.09
1424559600,2.2
1424560200,2.2
1424560800,2.2
1424561400,2.15
1424562000,2.17
1424562600,2.21
1424563200,2.2
1424563800,2.23
1424564400,2.22
1424565000,2.28
1424565600,2.16
1424566200,2.15
1424566800,2.18
1424567400,2.17
1424568000,2.14
1424568600,2.16
1424569200,2.15
1424569800,2.13
1424570400,2.13
1424571000,2.06
1424571600,2.06
1424572200,2.08
1424572800,2.1
1424573400,2.14
1424574000,2.19
1424574600,2.11
1424575200,2.1
1424575800,2.12
1424576400,2.11
1424577000,2.08
1424577600,2.13
1424578200,2.08
1424578800,2.09
1424579400,2.17
1424580000,2.12
1424580600,2.08
1424581200,2.07
1424581800,2.13
1424582400,2.1
1424583000,2.13
1424583600,2.22
1424584200,2.22
1424584800,2.12
1424585400,2.19
1424586000,2.11
1424586600,2.09
1424587200,2.18
1424587800,2.13
1424588400,2.16
1424589000,2.08
1424589600,2.14
1424590200,2.29
1424590800,2.14
1424591400,2.15
1424592000,2.18
1424592600,2.22
1424593200,2.19
1424593800,2.2
1424594400,2.12
1424595000,2.17
1424595600,2.16
1424596200,2.15
1424596800,2.12
1424597400,2.15
1424598000,2.11
1424598600,2.11
1424599200,2.16
1424599800,2.12
1424600400,2
1424601000,2.03
1424601600,2.04
1424602200,2.09
1424602800,1.97
1424603400,2.04
1424604000,2.06
1424604600,1.99
1424605200,1.99
1424605800,1.94
1424606400,1.94
1424607000,1.95
1424607600,1.92
1424608200,1.95
1424608800,1.99
1424609400,1.98
1424610000,1.99
1424610600,1.93
1424611200,1.92
1424611800,1.89
1424612400,1.95
1424613000,2.02
1424613600,1.98
1424614200,1.95
1424614800,1.96
1424615400,2.02
1424616000,1.94
1424616600,1.94
1424617200,1.96
1424617800,2
1424618400,1.99
1424619000,1.96
1424619600,1.99
1424620200,2
1424620800,2.05
1424621400,2.03
1424622000,1.99
1424622600,2
1424623200,2
1424623800,1.97
1424624400,1.94
1424625000,1.96
1424625600,2
1424626200,1.96
1424626800,2.04
1424627400,2
1424628000,1.94
1424628600,1.88
1424629200,1.9
1424629800,1.92
1424630400,1.84
1424631000,1.95
1424631600,1.81
1424632200,1.87
1424632800,1.89
1424633400,1.85
1424634000,1.9
1424634600,1.91
1424635200,1.84
1424635800,1.86
1424636400,1.84
1424637000,1.81
1424637600,1.87
1424638200,1.72
1424638800,1.82
1424639400,1.75
1424640000,1.77
1424640600,1.81
1424641200,1.72
1424641800,1.77
1424642400,1.71
1424643000,1.71
1424643600,1.72
1424644200,1.72
1424644800,1.85
1424645400,1.8
1424646000,1.71
1424646600,1.69
1424647200,1.65
1424647800,1.62
1424649600,1.62
1424650200,1.72
1424650800,1.66
1424651400,1.7
1424652000,1.73
1424652600,1.7
1424653200,1.73
1424653800,1.72
1424654400,1.72
1424655000,1.86
1424655600,1.69
1424656200,1.69
1424656800,1.69
1424657400,1.73
1424658000,1.74
1424658600,1.67
1424659200,1.7
1424659800,1.71
1424660400,1.65
1424661000,1.68
1424661600,1.65
1424662200,1.73
1424662800,1.65
1424663400,1.64
1424664000,1.66
1424664600,1.71
1424665200,1.71
1424665800,1.67
1424666400,1.72
1424667000,1.74
1424667600,1.7
1424668200,1.7
1424668800,1.71
1424669400,1.7
1424670000,1.69
1424670600,1.82
1424671200,1.76
1424671800,1.79
1424672400,1.83
1424673000,1.93
1424673600,1.85
1424674200,1.8
1424674800,1.85
1424675400,1.88
1424676000,1.82
1424676600,1.9
1424677200,1.8
1424677800,1.9
1424678400,1.81
1424679000,1.73
1424679600,1.8
1424680200,1.78
1424680800,1.76
1424681400,1.79
1424682000,1.79
1424682600,1.83
1424683200,1.86
1424683800,1.86
1424684400,1.79
1424685000,1.91
1424685600,1.9
1424686200,1.87
1424686800,1.76
1424687400,1.82
1424688000,1.75
1424688600,1.76
1424689200,1.79
1424689800,1.75
1424690400,1.71
1424691000,1.76
1424691600,1.65
1424692200,1.8
1424692800,1.76
1424693400,1.72
1424694000,1.79
1424694600,1.75
1424695200,1.79
1424695800,1.72
1424696400,1.75
1424697000,1.77
1424697600,1.75
1424698200,1.77
1424698800,1.76
1424699400,1.72
1424700000,1.84
1424700600,1.8
1424701200,1.74
1424701800,1.7
1424702400,1.86
1424703000,1.82
1424703600,1.85
1424704200,1.71
1424704800,1.49
1424705400,1.66
1424706000,1.38
1424706600,1.71
1424707200,1.81
1424707800,1.85
1424708400,1.76
1424709000,1.85
1424709600,1.91
1424710200,1.67
1424710800,1.64
1424711400,1.83
1424712000,1.87
1424712600,1.9
1424713200,1.86
1424713800,1.95
1424714400,1.88
1424715000,1.84
1424715600,1.85
1424716200,1.81
1424716800,1.92
1424717400,1.95
1424718000,1.86
1424718600,1.87
1424719200,1.83
1424719800,1.84
1424720400,1.79
1424721000,1.86
1424721600,1.71
1424722200,1.81
1424722800,1.8
1424723400,1.88
1424724000,1.92
1424724600,1.94
1424725200,1.93
1424725800,1.94
1424726400,2.08
1424727000,1.96
1424727600,1.95
1424728200,1.82
1424728800,1.7
1424729400,1.75
1424730000,1.76
1424730600,1.72
1424731200,1.65
1424731800,1.66
1424732400,1.67
1424733000,1.67
1424733600,1.56
1424734200,1.6
1424734800,1.58
1424735400,1.58
1424736000,1.59
1424736600,1.6
1424737200,1.56
1424737800,1.56
1424738400,1.53
1424739000,1.52
1424739600,1.55
1424740200,1.64
1424740800,1.61
1424741400,1.58
1424742000,1.58
1424742600,1.57
1424743200,1.59
1424743800,1.59
1424744400,1.62
1424745000,1.62
1424745600,1.59
1424746200,1.6
1424746800,1.67
1424747400,1.71
1424748000,1.76
1424748600,1.73
1424749200,1.67
1424749800,1.72
1424750400,1.77
1424751000,1.84
1424751600,1.73
1424752200,1.77
1424752800,1.75
1424753400,1.72
1424754000,1.75
1424754600,1.7
1424755200,1.68
1424755800,1.64
1424756400,1.62
1424757000,1.56
1424757600,1.5
1424758200,1.57
1424758800,1.57
1424759400,1.59
1424760000,1.56
1424760600,1.62
1424761200,1.68
1424761800,1.74
1424762400,1.64
1424763000,1.61
1424763600,1.56
1424764200,1.55
1424764800,1.57
1424765400,1.49
1424766000,1.56
1424766600,1.52
1424767200,1.56
1424767800,1.54
1424768400,1.51
1424769000,1.51
1424769600,1.54
1424770200,1.53
1424770800,1.59
1424771400,1.51
1424772000,1.81
1424772600,1.49
1424773200,1.45
1424773800,1.54
1424774400,1.54
1424775000,1.51
1424775600,1.5
1424776200,1.58
1424776800,1.62
1424777400,1.61
1424778000,1.59
1424778600,1.55
1424779200,1.52
1424779800,1.59
1424780400,1.56
1424781000,1.57
1424781600,1.64
1424782200,1.58
1424782800,1.61
1424783400,1.63
1424784000,1.71
1424784600,1.65
1424785200,1.66
1424785800,1.68
1424786400,1.65
1424787000,1.73
1424787600,1.66
1424788200,1.63
1424788800,1.62
1424789400,1.61
1424790000,1.63
1424790600,1.63
1424791200,1.7
1424791800,1.69
1424792400,1.73
1424793000,1.66
1424793600,1.68
1424794200,1.81
1424794800,1.76
1424795400,1.77
1424796000,1.73
1424796600,1.69
1424797200,1.79
1424797800,1.8
1424798400,1.8
1424799000,1.79
1424799600,1.87
1424800200,1.88
1424800800,1.93
1424801400,1.86
1424802000,1.74
1424802600,1.81
1424803200,1.79
1424803800,1.89
1424804400,1.77
1424805000,1.77
1424805600,1.81
1424806200,1.85
1424806800,1.82
1424807400,1.88
1424808000,1.84
1424808600,1.87
1424809200,1.95
1424809800,1.87
1424810400,1.94
1424811000,1.99
1424811600,2.02
1424812200,2.08
1424812800,2.02
1424813400,1.99
1424814000,2
1424814600,2.07
1424815200,1.99
1424815800,1.95
1424816400,2.03
1424817000,2.05
1424817600,1.98
1424818200,1.89
1424818800,1.89
1424819400,1.84
1424820000,1.87
1424820600,1.86
1424821200,2.08
1424821800,1.93
1424822400,2.04
1424823000,2.06
1424823600,2.03
1424824200,1.89
1424824800,1.98
1424825400,1.96
1424826000,1.84
1424826600,1.91
1424827200,1.97
1424827800,1.99
1424828400,2.04
1424829000,2.02
1424829600,1.96
1424830200,2.06
1424830800,2.17
1424831400,2.22
1424832000,2.24
1424832600,2.14
1424833200,2.1
1424833800,2.08
1424834400,2.05
1424835000,2.05
1424835600,2.08
1424836200,2.09
1424836800,2.1
1424837400,2.09
1424838000,2.01
1424838600,2.07
1424839200,2.02
1424839800,2.03
1424840400,2.02
1424841000,2.02
1424841600,1.97
1424842200,2.02
1424842800,2.06
1424843400,2.09
1424844000,2.17
1424844600,2.2
1424845200,2.15
1424845800,1.95
1424846400,2.05
1424847000,2.07
1424847600,2.18
1424848200,1.94
1424848800,2.13
1424849400,2.16
1424850000,2.13
1424850600,2.08
1424851200,2.05
1424851800,2.04
1424852400,1.98
1424853000,2.01
1424853600,2.1
1424854200,2.12
1424854800,2.17
1424855400,2.13
1424856000,2.15
1424856600,2.24
1424857200,2.25
1424857800,2.24
1424858400,2.17
1424859000,2.08
1424859600,2.09
1424860200,2.08
1424860800,2.06
1424861400,2.25
1424862000,2.18
1424862600,2.07
1424863200,2.04
1424863800,1.98
1424864400,1.93
1424865000,1.93
1424865600,1.96
1424866200,1.83
1424866800,1.78
1424867400,1.83
1424868000,1.83
1424868600,1.87
1424869200,1.9
1424869800,1.94
1424870400,1.89
1424871000,1.91
1424871600,1.85
1424872200,1.84
1424872800,1.89
1424873400,1.94
1424874000,1.86
1424874600,1.91
1424875200,1.99
1424875800,1.98
1424876400,2.12
1424877000,2.12
1424877600,2.07
1424878200,1.98
1424878800,2.12
1424879400,2.09
1424880000,1.98
1424880600,2
1424881200,1.91
1424881800,1.97
1424882400,1.87
1424883000,1.89
1424883600,1.96
1424884200,1.91
1424884800,1.83
1424885400,1.86
1424886000,1.86
1424886600,1.86
1424887200,1.9
1424887800,2.1
1424888400,1.92
1424889000,1.88
1424889600,1.93
1424890200,1.89
1424890800,1.8
1424891400,1.8
1424892000,1.94
1424892600,1.95
1424893200,1.88
1424893800,1.95
1424894400,1.82
1424895000,1.96
1424895600,1.83
1424896200,1.87
1424896800,1.8
1424897400,1.8
1424898000,1.96
1424898600,2.03
1424899200,2.09
1424899800,2.07
1424900400,2.1
1424901000,2.17
1424901600,2.16
1424902200,2.14
1424902800,2.18
1424903400,2.21
1424904000,2.14
1424904600,2
1424905200,1.99
1424905800,1.97
1424906400,2.1
1424907000,2.16
1424907600,2.2
1424908200,2.07
1424908800,2.01
1424909400,1.98
1424910000,2
1424910600,1.89
1424911200,1.89
1424911800,1.96
1424912400,1.96
1424913000,1.9
1424913600,1.95
1424914200,1.96
1424914800,1.88
1424915400,1.93
1424916000,1.93
1424916600,2.05
1424917200,2.03
1424917800,1.99
1424918400,1.96
1424919000,1.99
1424919600,2.08
1424920200,1.96
1424920800,2.1
1424921400,2
1424922000,1.97
1424922600,1.9
1424923200,1.97
1424923800,1.94
1424924400,2
1424925000,1.92
1424925600,1.92
1424926200,1.97
1424926800,1.99
1424927400,1.92
1424928000,1.93
1424928600,1.91
1424929200,1.94
1424929800,1.93
1424930400,1.84
1424931000,1.89
1424931600,1.85
1424932200,1.92
1424932800,1.85
1424933400,1.85
1424934000,1.85
1424934600,1.87
1424935200,1.84
1424935800,1.91
1424936400,1.79
1424937000,1.87
1424937600,1.85
1424938200,1.85
1424938800,1.93
1424939400,1.92
1424940000,1.89
1424940600,1.91
1424941200,1.93
1424941800,1.94
1424942400,1.97
1424943000,1.89
1424943600,1.89
1424944200,1.82
1424944800,1.82
1424945400,1.81
1424946000,1.87
1424946600,1.87
1424947200,1.87
1424947800,1.91
1424948400,1.88
1424949000,1.98
1424949600,1.85
1424950200,1.92
1424950800,1.82
1424951400,1.83
1424952000,1.83
1424952600,1.81
1424953200,1.84
1424953800,1.84
1424954400,1.91
1424955000,2.14
1424955600,2.07
1424956200,1.94
1424956800,1.93
1424957400,1.88
1424958000,1.9
1424958600,1.97
1424959200,1.93
1424959800,2
1424960400,2.44
1424961000,2.33
1424961600,2.3
1424962200,2.07
1424962800,2.28
1424963400,2.11
1424964000,1.86
1424964600,1.91
1424965200,1.42
1424965800,1.41
1424966400,1.46
1424967000,1.53
1424967600,1.43
1424968200,1.45
1424968800,1.39
1424969400,1.41
1424970000,1.36
1424970600,1.43
1424971200,1.76
1424971800,1.71
1424972400,1.69
1424973000,1.74
1424973600,1.67
1424974200,1.72
1424974800,1.68
1424975400,1.71
1424976000,1.71
1424976600,1.68
1424977200,1.7
1424977800,1.72
1424978400,1.7
1424979000,1.76
1424979600,1.68
1424980200,1.77
1424980800,1.79
1424981400,1.68
1424982000,1.81
1424982600,1.8
1424983200,1.84
1424983800,1.73
1424984400,1.76
1424985000,1.73
1424985600,1.77
1424986200,1.82
1424986800,1.76
1424987400,1.79
1424988000,2.1
1424988600,1.77
1424989200,1.75
1424989800,1.71
1424990400,1.81
1424991000,1.89
1424991600,1.86
1424992200,1.81
1424992800,1.78
1424993400,1.79
1424994000,1.88
1424994600,1.84
1424995200,1.81
1424995800,1.82
1424996400,1.83
1424997000,1.85
1424997600,1.92
1424998200,1.9
1424998800,1.82
1424999400,1.85
1425000000,1.79
1425000600,1.81
1425001200,1.77
1425001800,1.75
1425002400,1.75
1425003000,1.73
1425003600,1.72
1425004200,1.75
1425004800,1.79
1425005400,1.85
1425006000,1.88
1425006600,1.85
1425007200,1.79
1425007800,1.85
1425008400,1.83
1425009000,1.79
1425009600,1.8
1425010200,1.81
1425010800,1.81
1425011400,1.91
1425012000,1.84
1425012600,1.79
1425013200,1.8
1425013800,1.76
1425014400,1.78
1425015000,1.74
1425015600,1.85
1425016200,1.77
1425016800,1.73
1425017400,1.77
1425018000,1.77
1425018600,1.76
1425019200,1.86
1425019800,1.76
1425020400,1.84
1425021000,1.85
1425021600,1.79
1425022200,1.97
1425022800,1.83
1425023400,1.81
1425024000,1.86
1425024600,1.9
1425025200,1.87
1425025800,1.72
1425026400,1.78
1425027000,1.76
1425027600,1.84
1425028200,1.78
1425028800,1.85
1425029400,1.81
1425030000,1.77
1425030600,1.78
1425031200,1.79
1425031800,1.75
1425032400,1.78
1425033000,1.75
1425033600,1.74
1425034200,1.74
1425034800,1.72
1425035400,1.7
1425036000,1.74
1425036600,1.77
1425037200,1.66
1425037800,1.65
1425038400,1.67
1425039000,1.6
1425039600,1.55
1425040200,1.55
1425040800,1.6
1425041400,1.57
1425042000,1.64
1425042600,1.62
1425043200,1.64
1425043800,1.67
1425044400,1.64
1425045000,1.67
1425045600,1.65
1425046200,1.6
1425046800,1.61
1425047400,1.57
1425048000,1.61
1425048600,1.59
1425049200,1.59
1425049800,1.69
1425050400,1.63
1425051000,1.62
1425051600,1.65
1425052200,1.6
1425052800,1.62
1425053400,1.6
1425054000,1.62
1425054600,1.62
1425055200,1.66
1425057600,1.62
1425058200,1.52
1425058800,1.58
1425059400,1.56
1425060000,1.6
1425060600,1.56
1425061200,1.55
1425061800,1.57
1425062400,1.64
1425063000,1.53
1425063600,1.52
1425064200,1.63
1425064800,1.61
1425065400,1.62
1425066000,1.69
1425066600,1.56
1425067200,1.56
1425067800,1.57
1425068400,1.55
1425069000,1.53
1425069600,1.51
1425070200,1.56
1425070800,1.57
1425071400,1.55
1425072000,1.57
1425072600,1.56
1425073200,1.54
1425073800,1.58
1425074400,1.61
1425075000,1.58
1425075600,1.62
1425076200,1.6
1425076800,1.62
1425077400,1.62
1425078000,1.64
1425078600,1.62
1425079200,1.62
1425079800,1.58
1425080400,1.55
1425081000,1.71
1425081600,1.65
1425082200,1.68
1425082800,1.65
1425083400,1.66
1425084000,1.66
1425084600,1.69
1425085200,1.67
1425085800,1.64
1425086400,1.65
1425087000,1.61
1425087600,1.64
1425088200,1.69
1425088800,1.62
1425089400,1.63
1425090000,1.64
1425090600,1.68
1425091200,1.63
1425091800,1.67
1425092400,1.65
1425093000,1.63
1425093600,1.68
1425094200,1.65
1425094800,1.65
1425095400,1.69
1425096000,1.66
1425096600,1.69
1425097200,1.69
1425097800,1.65
1425098400,1.69
1425099000,1.67
1425099600,1.73
1425100200,1.74
1425100800,1.67
1425101400,1.66
1425102000,1.69
1425102600,1.72
1425103200,1.68
1425103800,1.71
1425104400,1.67
1425105000,1.69
1425105600,1.69
1425106200,1.65
1425106800,1.68
1425107400,1.64
1425108000,1.65
1425108600,1.67
1425109200,1.73
1425109800,1.64
1425110400,1.68
1425111000,1.64
1425111600,1.67
1425112200,1.66
1425112800,1.67
1425113400,1.63
1425114000,1.7
1425114600,1.64
1425115200,1.7
1425115800,1.67
1425116400,1.67
1425117000,1.62
1425117600,1.68
1425118200,1.63
1425118800,1.64
1425119400,1.64
1425120000,1.66
1425120600,1.62
1425121200,1.55
1425121800,1.61
1425122400,1.62
1425123000,1.6
1425123600,1.6
1425124200,1.59
1425124800,1.55
1425125400,1.6
1425126000,1.58
1425126600,1.58
1425127200,1.59
1425127800,1.57
1425128400,1.49
1425129000,1.47
1425129600,1.56
1425130200,1.49
1425130800,1.46
1425131400,1.5
1425132000,1.48
1425132600,1.46
1425133200,1.42
1425133800,1.42
1425134400,1.39
1425135000,1.4
1425135600,1.42
1425136200,1.35
1425136800,1.37
1425137400,1.38
1425138000,1.43
1425138600,1.35
1425139200,1.34
1425139800,1.37
1425140400,1.36
1425141000,1.37
1425141600,1.37
1425142200,1.37
1425142800,1.36
1425143400,1.32
1425144000,1.36
1425144600,1.29
1425145200,1.3
1425145800,1.32
1425146400,1.36
1425147000,1.39
1425147600,1.32
1425148200,1.31
1425148800,1.44
1425149400,1.33
1425150000,1.36
1425150600,1.3
1425151200,1.28
1425151800,1.3
1425152400,1.28
1425153000,1.35
1425153600,1.25
1425154200,1.32
1425154800,1.32
1425155400,1.3
1425156000,1.34
1425156600,1.29
1425157200,1.3
1425157800,1.36
1425158400,1.31
1425159000,1.25
1425159600,1.26
1425160200,1.39
1425160800,1.31
1425161400,1.26
1425162000,1.24
1425162600,1.23
1425163200,1.2
1425163800,1.15
1425164400,1.13
1425165000,1.09
1425165600,1.08
1425166200,1.08
1425166800,1.1
1425167400,1.09
1425168000,1.03
1425168600,1.06
1425169200,1.12
1425169800,1.1
1425170400,1.07
1425171000,1.07
1425171600,1.11
1425172200,1.09
1425172800,1.07
1425173400,1.03
1425174000,1.03
1425174600,1.03
1425175200,1.05
1425175800,1.03
1425176400,1.07
1425177000,1.03
1425177600,1.09
1425178200,1.08
1425178800,1.06
1425179400,1.09
1425180000,1.16
1425180600,1.07
1425181200,1.13
1425181800,1.09
1425182400,1.02
1425183000,1.03
1425183600,1.01
1425184200,1.06
1425184800,1.02
1425185400,1.03
1425186000,1.03
1425186600,1.05
1425187200,1.05
1425187800,1.01
1425188400,1.04
1425189000,1.03
1425189600,1.04
1425190200,1.02
1425190800,1.14
1425191400,1.07
1425192000,1.02
1425192600,1.05
1425193200,1.1
1425193800,1.06
1425194400,1.1
1425195000,1.12
1425195600,1.03
1425196200,1.04
1425196800,1.02
1425197400,1.02
1425198000,1.04
1425198600,1.02
1425199200,1.05
1425199800,1.06
1425200400,1.07
1425201000,1.07
1425201600,1.05
1425202200,1.08
1425202800,1.07
1425203400,1.1
1425204000,1.08
1425204600,1.14
1425205200,1.06
1425205800,1.07
1425206400,1.09
1425207000,1.06
1425207600,1.08
1425208200,1.04
1425208800,1.07
1425209400,1.03
1425210000,1.06
1425210600,1.07
1425211200,1.04
1425211800,1.03
1425212400,0.98
1425213000,1.03
1425213600,0.97
1425214200,0.98
1425214800,0.97
1425215400,1
1425216000,1.02
1425216600,0.99
1425217200,0.93
1425217800,1
1425218400,0.93
1425219000,1.01
1425219600,0.93
1425220200,0.98
1425220800,0.96
1425221400,0.91
1425222000,0.94
1425222600,0.98
1425223200,0.91
1425223800,0.95
1425224400,0.95
1425225000,0.99
1425225600,1
1425226200,0.9
1425226800,0.99
1425227400,0.98
1425228000,0.96
1425228600,0.95
1425229200,0.93
1425229800,0.86
1425230400,0.89
1425231000,0.84
1425231600,0.88
1425232200,0.88
1425232800,0.84
1425233400,0.86
1425234000,0.85
1425234600,0.78
1425235200,0.87
1425235800,0.82
1425236400,0.79
1425237000,0.8
1425237600,0.83
1425238200,0.84
1425238800,0.8
1425239400,0.84
1425240000,0.81
1425240600,0.88
1425241200,0.82
1425241800,0.84
1425242400,0.82
1425243000,0.88
1425243600,0.84
1425244200,0.84
1425244800,0.82
1425245400,0.83
1425246000,0.82
1425246600,0.89
1425247200,0.88
1425247800,0.85
1425248400,0.83
1425249000,0.84
1425249600,0.82
1425250200,0.87
1425250800,0.84
1425251400,0.88
1425252000,0.88
1425252600,0.89
1425253200,0.89
1425253800,0.88
1425254400,0.87
1425255000,0.89
1425255600,0.89
1425256200,0.85
1425256800,0.82
1425257400,0.87
1425258000,0.83
1425258600,0.79
1425259200,0.84
1425259800,0.82
1425260400,0.73
1425261000,0.77
1425261600,0.77
1425262200,0.77
1425262800,0.74
1425263400,0.77
1425264000,0.7
1425264600,0.82
1425265200,0.82
1425265800,0.77
1425266400,0.8
1425267000,0.75
1425267600,0.8
1425268200,1
1425268800,0.8
1425269400,0.78
1425270000,0.79
1425270600,0.78
1425271200,0.8
1425271800,0.81
1425272400,0.75
1425273000,0.71
1425273600,0.78
1425274200,0.78
1425274800,0.78
1425275400,0.79
1425276000,0.8
1425276600,0.81
1425277200,0.79
1425277800,0.79
1425278400,0.85
1425279000,0.83
1425279600,0.84
1425280200,0.89
1425280800,0.85
1425281400,0.8
1425282000,0.87
1425282600,0.84
1425283200,0.85
1425283800,0.8
1425284400,0.82
1425285000,0.81
1425285600,0.84
1425286200,0.84
1425286800,0.86
1425287400,0.82
1425288000,0.89
1425288600,0.88
1425289200,0.88
1425289800,0.87
1425290400,0.82
1425291000,0.8
1425291600,0.83
1425292200,0.82
1425292800,0.82
1425293400,0.78
1425294000,0.93
1425294600,0.85
1425295200,0.88
1425295800,0.82
1425296400,0.84
1425297000,0.88
1425297600,0.82
1425298200,0.85
1425298800,0.78
1425299400,0.81
1425300000,0.83
1425300600,0.87
1425301200,0.82
1425301800,0.84
1425302400,0.83
1425303000,0.83
1425303600,0.77
1425304200,0.78
1425304800,0.75
1425305400,0.8
1425306000,0.84
1425306600,0.76
1425307200,0.8
1425307800,0.76
1425308400,0.81
1425309000,0.8
1425309600,0.76
1425310200,0.81
1425310800,0.81
1425311400,0.81
1425312000,0.85
1425312600,0.78
1425313200,0.86
1425313800,0.91
1425314400,0.89
1425315000,0.94
1425315600,0.94
1425316200,0.96
1425316800,0.96
1425317400,0.99
1425318000,0.99
1425318600,0.99
1425319200,0.96
1425319800,0.97
1425320400,0.87
1425321000,0.91
1425321600,0.92
1425322200,0.91
1425322800,0.87
1425323400,0.87
1425324600,0.9
