1423966800,3.72
1423967400,3.5
1423968000,3.75
1423968600,3.47
1423969200,3.33
1423969800,2.95
1423970400,3.82
1423971000,3.36
1423971600,3.23
1423972200,3.35
1423972800,3.72
1423973400,3.66
1423974000,3.34
1423974600,3.65
1423975200,3.2
1423975800,4.15
1423976400,3.65
1423977000,3.46
1423977600,3.75
1423978200,3.66
1423978800,3.6
1423979400,3.72
1423980000,3.58
1423980600,3.54
1423981200,3.71
1423981800,3.66
1423982400,3.47
1423983000,3.66
1423983600,3.25
1423984200,3.36
1423984800,3.28
1423985400,3.44
1423986000,2.97
1423986600,3.45
1423987200,3.06
1423987800,3.13
1423988400,3.11
1423989000,3.53
1423989600,3.42
1423990200,3.39
1423990800,3.58
1423991400,3.83
1423992000,3.83
1423992600,3.84
1423993200,4.15
1423993800,3.65
1423994400,3.92
1423995000,3.69
1423995600,3.81
1423996200,4.19
1423996800,3.94
1423997400,4.38
1423998000,3.69
1423998600,4.12
1423999200,4.1
1423999800,3.62
1424000400,4.56
1424001000,4.05
1424001600,4.2
1424002200,3.69
1424002800,3.79
1424003400,3.86
1424004000,3.7
1424004600,3.44
1424005200,3.42
1424005800,3.4
1424006400,3.18
1424007000,3.22
1424007600,3.38
1424008200,3.41
1424008800,3.62
1424009400,3.1
1424010000,3.01
1424010600,3.23
1424011200,3.88
1424011800,3.64
1424012400,3.83
1424013000,3.52
1424013600,4.09
1424014200,3.52
1424014800,3.69
1424015400,3.26
1424016000,3.05
1424016600,3.27
1424017200,3.74
1424017800,3.25
1424018400,3.68
1424019000,4.21
1424019600,3.29
1424020200,3.56
1424020800,3.7
1424021400,3.5
1424022000,3.59
1424022600,3.56
1424023200,3.31
1424023800,3.93
1424024400,4
1424025000,4.06
1424025600,3.37
1424026200,4.05
1424026800,3.71
1424027400,3.36
1424028000,3.76
1424028600,4.09
1424029200,3.5
1424029800,3.66
1424030400,3.65
1424031000,3.85
1424031600,3.74
1424032200,4.46
1424032800,3.85
1424033400,3.83
1424034000,3.67
1424034600,3.89
1424035200,3.94
1424035800,3.57
1424036400,3.83
1424037000,3.58
1424037600,3.78
1424038200,3.83
1424038800,3.63
1424039400,3.66
1424040000,4.07
1424040600,4.24
1424041200,3.71
1424041800,3.57
1424042400,3.62
1424043000,3.9
1424043600,3.64
1424044200,3.75
1424044800,3.57
1424045400,3.44
1424046000,3.39
1424046600,3.59
1424047200,3.39
1424047800,3.39
1424048400,3.69
1424049000,3.7
1424049600,3.47
1424050200,3.49
1424050800,3.82
1424051400,3.55
1424052000,3.42
1424052600,3.51
1424053200,3.66
1424053800,3.94
1424054400,3.89
1424055000,3.65
1424055600,3.41
1424056200,3.76
1424056800,3.59
1424057400,3.56
1424058000,4.07
1424058600,3.56
1424059200,3.68
1424059800,3.68
1424060400,3.55
1424061000,4.03
1424061600,4.3
1424062200,4.35
1424062800,3.61
1424063400,4.24
1424064000,4.34
1424064600,4.11
1424065200,4.1
1424065800,3.63
1424066400,3.67
1424067000,3.56
1424067600,3.5
1424068200,3.48
1424068800,3.3
1424069400,3.5
1424070000,3.7
1424070600,4.02
1424071200,4.03
1424071800,4.12
1424072400,4.22
1424073000,4.43
1424073600,4.55
1424074200,4.72
1424074800,4.23
1424075400,4.04
1424076000,3.86
1424076600,4.13
1424077200,4.36
1424077800,4.24
1424078400,4.41
1424079000,4.12
1424079600,4.15
1424080200,4.24
1424080800,4.4
1424081400,4.12
1424082000,3.88
1424082600,3.89
1424083200,3.74
1424083800,3.64
1424084400,3.84
1424085000,3.81
1424085600,3.67
1424086200,3.93
1424086800,3.38
1424087400,4.04
1424088000,3.98
1424088600,4.09
1424089200,4.19
1424089800,3.82
1424090400,4.38
1424091000,4.55
1424091600,4.79
1424092200,4.5
1424092800,4.32
1424093400,4.21
1424094000,4.44
1424094600,4.44
1424095200,4.66
1424095800,4.92
1424096400,4.06
1424097000,5.01
1424097600,4.37
1424098200,4.91
1424098800,4.68
1424099400,4.18
1424100000,3.89
1424100600,4.51
1424101200,4.27
1424101800,4.44
1424102400,4.2
1424103000,4.32
1424103600,4.7
1424104200,4.82
1424104800,4.72
1424105400,4.75
1424106000,4.64
1424106600,4.42
1424107200,4.8
1424107800,4.71
1424108400,4.51
1424109000,4.63
1424109600,4.37
1424110200,4.38
1424110800,4.04
1424111400,4.38
1424112000,4.58
1424112600,4.9
1424113200,3.87
1424113800,4.06
1424114400,4.28
1424115000,4.87
1424115600,4.67
1424116200,4.57
1424116800,4.71
1424117400,4.82
1424118000,4.65
1424118600,4.46
1424119200,4.7
1424119800,4.53
1424120400,4.26
1424121000,4.51
1424121600,4.38
1424122200,4.22
1424122800,4.45
1424123400,4.62
1424124000,4.9
1424124600,3.77
1424125200,4.4
1424125800,4.56
1424126400,4.46
1424127000,4.49
1424127600,4.44
1424128200,4.81
1424128800,4.6
1424129400,4.36
1424130000,4.26
1424130600,4.43
1424131200,4.26
1424131800,4.51
1424132400,4.63
1424133000,4.08
1424133600,4.15
1424134200,4.48
1424134800,3.72
1424135400,4
1424136000,3.55
1424136600,3.68
1424137200,3.99
1424137800,3.69
1424138400,3.72
1424139000,4.34
1424139600,3.59
1424140200,3.78
1424140800,3.88
1424141400,3.77
1424142000,3.79
1424142600,3.89
1424143200,3.67
1424143800,3.88
1424144400,3.17
1424145000,3.26
1424145600,3.63
1424146200,3.31
1424146800,3.27
1424147400,3.2
1424148000,3.63
1424148600,3.83
1424149200,3.53
1424149800,3.48
1424150400,3.38
1424151000,3.87
1424151600,3.77
1424152200,3.74
1424152800,3.71
1424153400,3.46
1424154000,3.25
1424154600,3.14
1424155200,3.61
1424155800,3.04
1424156400,3.31
1424157000,3.8
1424157600,3.55
1424158200,3.61
1424158800,3.7
1424159400,3.8
1424160000,3.82
1424160600,3.41
1424161200,3.5
1424161800,3.43
1424162400,3.42
1424163000,3.6
1424163600,3.36
1424164200,3.6
1424164800,3.86
1424165400,3.79
1424166000,3.69
1424166600,3.62
1424167200,3.77
1424167800,3.55
1424168400,4.02
1424169000,3.77
1424169600,3.54
1424170200,3.97
1424170800,3.92
1424171400,3.83
1424172000,3.77
1424172600,3.7
1424173200,3.58
1424173800,3.91
1424174400,3.35
1424175000,3.7
1424175600,3.91
1424176200,3.56
1424176800,3.82
1424177400,3.6
1424178000,3.86
1424178600,3.81
1424179200,3.9
1424179800,3.56
1424180400,3.95
1424181000,3.81
1424181600,3.88
1424182200,4.15
1424182800,4.07
1424183400,4.11
1424184000,4.14
1424184600,4.08
1424185200,4.5
1424185800,4.04
1424186400,4.51
1424187000,4.42
1424187600,4.36
1424188200,4.4
1424188800,4.24
1424189400,3.63
1424190000,4.23
1424190600,3.92
1424191200,3.98
1424191800,4.3
1424192400,4.15
1424193000,4.05
1424193600,4.01
1424194200,4.09
1424194800,3.55
1424195400,3.6
1424196000,3.69
1424196600,4.03
1424197200,3.66
1424197800,3.38
1424198400,3.3
1424199000,3.9
1424199600,3.95
1424200200,3.93
1424200800,3.83
1424201400,4.06
1424202000,3.71
1424202600,3.77
1424203200,3.96
1424203800,3.74
1424204400,3.93
1424205000,3.88
1424205600,3.61
1424206200,3.85
1424206800,3.42
1424207400,3.52
1424208000,3.37
1424208600,3.77
1424209200,3.29
1424209800,3.44
1424210400,3.39
1424211000,3.91
1424211600,3.52
1424212200,4.24
1424212800,3.47
1424213400,3.46
1424214000,3.84
1424214600,3.49
1424215200,3.63
1424215800,3.61
1424216400,3.61
1424217000,4.13
1424217600,3.79
1424218200,3.46
1424218800,3.1
1424219400,3.37
1424220000,4.05
1424220600,3.43
1424221200,3.38
1424221800,4.02
1424222400,3.69
1424223000,3.69
1424223600,3.67
1424224200,3.31
1424224800,3.53
1424225400,3.41
1424226000,3.35
1424226600,3.52
1424227200,3.58
1424227800,4
1424228400,3.73
1424229000,3.53
1424229600,3.39
1424230200,3.48
1424230800,3.41
1424231400,3.1
1424232000,3.17
1424232600,3.48
1424233200,3.09
1424233800,2.95
1424234400,3.22
1424235000,3.33
1424235600,2.79
1424236200,2.88
1424236800,2.73
1424237400,2.91
1424238000,2.88
1424238600,3
1424239200,2.88
1424239800,3.3
1424240400,3.37
1424241000,3.2
1424241600,3.48
1424242200,3.45
1424242800,3.49
1424243400,3.59
1424244000,3.34
1424244600,3.19
1424245200,3.23
1424245800,3.46
1424246400,3.41
1424247000,3.36
1424247600,3.4
1424248200,3.25
1424248800,3.34
1424249400,3.3
1424250000,3.3
1424250600,3.58
1424251200,3.48
1424251800,3.41
1424252400,3.39
1424253000,3.59
1424253600,3.34
1424254200,3.38
1424254800,3.44
1424255400,3.36
1424256000,3.07
1424256600,3.51
1424257200,3.43
1424257800,3.42
1424258400,3.47
1424259000,3.64
1424259600,3.54
1424260200,3.42
1424260800,3.29
1424261400,3.7
1424262000,3.65
1424262600,3.7
1424263200,3.96
1424263800,3.77
1424264400,3.99
1424265000,3.92
1424265600,4.06
1424266200,3.93
1424266800,3.8
1424267400,3.64
1424268000,3.96
1424268600,3.31
1424269200,3.94
1424269800,3.77
1424270400,3.36
1424271000,3.68
1424271600,3.61
1424272200,3.6
1424272800,4.01
1424273400,4.11
1424274000,3.65
1424274600,3.81
1424275200,3.69
1424275800,3.78
1424276400,3.7
1424277000,3.84
1424277600,3.89
1424278200,3.72
1424278800,3.58
1424279400,3.84
1424280000,3.71
1424280600,3.26
1424281200,3.41
1424281800,3.48
1424282400,3.75
1424283000,3.65
1424283600,3.3
1424284200,3.73
1424284800,4.13
1424285400,4
1424286000,4.1
1424286600,4.01
1424287200,3.87
1424287800,4.11
1424288400,3.55
1424289000,3.98
1424289600,4.06
1424290200,4.08
1424290800,4.47
1424291400,4.36
1424292000,4.32
1424292600,4.15
1424293200,3.34
1424293800,3.78
1424294400,3.39
1424295000,3.69
1424295600,3.75
1424296200,4.37
1424296800,3.43
1424297400,3.67
1424298000,4.17
1424298600,3.92
1424299200,3.94
1424299800,3.53
1424300400,4.09
1424301000,3.63
1424301600,3.65
1424302200,3.3
1424302800,3.33
1424303400,3.33
1424304000,3.95
1424304600,3.48
1424305200,4.08
1424305800,3.64
1424306400,3.5
1424307000,3.53
1424307600,4.05
1424308200,4.02
1424308800,3.54
1424309400,3.59
1424310000,3.75
1424310600,3.87
1424311200,3.78
1424311800,3.93
1424312400,3.68
1424313000,3.79
1424313600,3.8
1424314200,3.42
1424314800,3.18
1424315400,3.38
1424316000,3.83
1424316600,3.87
1424317200,3.92
1424317800,3.83
1424318400,3.22
1424319000,2.94
1424319600,2.71
1424320200,3.2
1424320800,3.36
1424321400,3.57
1424322000,3.54
1424322600,3.45
1424323200,3.39
1424323800,3.77
1424324400,3.65
1424325000,3.34
1424325600,3.34
1424326200,3.42
1424326800,3.02
1424327400,3.37
1424328000,3.41
1424328600,3.54
1424329200,3.54
1424329800,3.89
1424330400,3.66
1424331000,3.73
1424331600,3.37
1424332200,3.3
1424332800,3.3
1424333400,3.27
1424334000,3.85
1424334600,3.23
1424335200,3.49
1424335800,3.46
1424336400,3.74
1424337000,3.58
1424337600,3.5
1424338200,3.23
1424338800,3.25
1424339400,3.19
1424340000,3.43
1424340600,3.41
1424341200,3.56
1424341800,3.33
1424342400,3.02
1424343000,3.65
1424343600,3.55
1424344200,3.48
1424344800,3.21
1424345400,3.64
1424346000,3.26
1424346600,4.03
1424347200,3.95
1424347800,3.59
1424348400,3.65
1424349000,3.79
1424349600,3.59
1424350200,3.81
1424350800,3.38
1424351400,3.8
1424352000,4.1
1424352600,3.78
1424353200,3.78
1424353800,3.62
1424354400,3.88
1424355000,3.59
1424355600,4.06
1424356200,4.14
1424356800,3.9
1424357400,4.06
1424358000,3.82
1424358600,4.19
1424359200,3.82
1424359800,3.69
1424360400,3.84
1424361000,4.09
1424361600,3.95
1424362200,3.2
1424362800,3.83
1424363400,3.76
1424364000,3.81
1424364600,3.77
1424365200,3.87
1424365800,3.76
1424366400,3.31
1424367000,3.95
1424367600,3.6
1424368200,3.5
1424368800,3.89
1424369400,3.37
1424370000,3.95
1424370600,3.99
1424371200,3.45
1424371800,3.99
1424372400,4.15
1424373000,4.33
1424373600,3.55
1424374200,4.22
1424374800,4.07
1424375400,3.68
1424376000,3.59
1424376600,4.34
1424377200,4.23
1424377800,4.09
1424378400,4.46
1424379000,4.22
1424379600,4.08
1424380200,4.14
1424380800,4.37
1424381400,4.04
1424382000,4.67
1424382600,4.88
1424383200,4.39
1424383800,3.85
1424384400,4.08
1424385000,4.33
1424385600,3.99
1424386200,4.36
1424386800,4.24
1424387400,4.11
1424388000,4.22
1424388600,3.94
1424389200,4.54
1424389800,4.38
1424390400,4.56
1424391000,4.34
1424391600,4.61
1424392200,4.03
1424392800,4.5
1424393400,4.3
1424394000,4.37
1424394600,4.82
1424395200,4.5
1424395800,4.65
1424396400,4.44
1424397000,4.96
1424397600,4.75
1424398200,4.53
1424398800,4.63
1424399400,4.64
1424400000,4.23
1424400600,4.29
1424401200,4.42
1424401800,4.07
1424402400,4.18
1424403000,4.01
1424403600,4.43
1424404200,4.53
1424404800,4.37
1424405400,4.66
1424406000,4.31
1424406600,4.01
1424407200,3.95
1424407800,4.19
1424408400,4.08
1424409000,4.28
1424409600,4.17
1424410200,3.89
1424410800,4.1
1424411400,4.35
1424412000,4.04
1424412600,4.03
1424413200,4.23
1424413800,3.74
1424414400,4.03
1424415000,4.21
1424415600,4.01
1424416200,3.91
1424416800,3.9
1424417400,4.2
1424418000,3.7
1424418600,3.95
1424419200,3.99
1424419800,3.98
1424420400,3.82
1424421000,4.19
1424421600,4.12
1424422200,4.1
1424422800,4.16
1424423400,3.89
1424424000,4.02
1424424600,4.13
1424425200,3.73
1424425800,4.02
1424426400,3.74
1424427000,3.66
1424427600,3.72
1424428200,3.83
1424428800,3.87
1424429400,3.91
1424430000,3.76
1424430600,3.57
1424431200,3.75
1424431800,4.02
1424432400,4.07
1424433000,4.34
1424433600,4.17
1424434200,3.87
1424434800,4.13
1424435400,4
1424436000,3.94
1424436600,3.88
1424437200,3.99
1424437800,3.91
1424438400,3.96
1424439000,4.11
1424439600,4.14
1424440200,3.98
1424440800,4.34
1424441400,4.32
1424442000,4.39
1424442600,4.25
1424443200,3.81
1424443800,4.05
1424444400,4.19
1424445000,4.01
1424445600,4.24
1424446200,3.93
1424446800,4.01
1424447400,4.25
1424448000,4.06
1424448600,4.24
1424449200,4.38
1424449800,4.1
1424450400,4.14
1424451000,4.27
1424451600,4.08
1424452200,4.03
1424452800,3.84
1424453400,4.08
1424454000,3.44
1424454600,3.63
1424455200,3.65
1424455800,3.93
1424456400,3.11
1424457000,3.61
1424457600,3.7
1424458200,3.41
1424458800,3.22
1424459400,3.64
1424460000,3.71
1424460600,3.72
1424461200,3.73
1424461800,3.73
1424462400,3.87
1424463000,3.83
1424463600,3.66
1424464200,3.56
1424464800,3.33
1424465400,3.3
1424466000,3.88
1424466600,3.92
1424467200,3.56
1424467800,4
1424468400,3.25
1424469000,4.15
1424469600,4.08
1424470200,4.05
1424470800,3.78
1424471400,3.86
1424472000,3.99
1424472600,3.83
1424473200,3.67
1424473800,4.01
1424474400,3.63
1424475000,3.65
1424475600,3.95
1424476200,3.66
1424476800,3.99
1424477400,3.36
1424478000,3.8
1424478600,3.87
1424479200,3.84
1424479800,3.83
1424480400,3.83
1424481000,3.52
1424481600,3.39
1424482200,3.71
1424482800,3.73
1424483400,3.81
1424484000,3.39
1424484600,3.6
1424485200,3.52
1424485800,3.55
1424486400,3.91
1424487000,3.81
1424487600,3.72
1424488200,3.28
1424488800,4.07
1424489400,3.8
1424490000,3.95
1424490600,3.6
1424491200,3.29
1424491800,3.72
1424492400,3.88
1424493000,3.58
1424493600,4
1424494200,3.79
1424494800,3.79
1424495400,3.97
1424496000,4.01
1424496600,3.92
1424497200,4.35
1424497800,4.3
1424498400,4.15
1424499000,4.11
1424499600,3.95
1424500200,3.9
1424500800,3.65
1424501400,3.8
1424502000,3.89
1424502600,3.44
1424503200,3.56
1424503800,3.7
1424504400,3.51
1424505000,3.5
1424505600,3.73
1424506200,3.48
1424506800,3.19
1424507400,3.2
1424508000,3.57
1424508600,3.56
1424509200,3.15
1424509800,3.34
1424510400,3.28
1424511000,3.62
1424511600,3.08
1424512200,3.05
1424512800,3.26
1424513400,2.99
1424514000,3.16
1424514600,2.99
1424515200,2.82
1424515800,3.14
1424516400,2.79
1424517000,3.13
1424517600,2.94
1424518200,2.84
1424518800,2.71
1424519400,3.19
1424520000,2.81
1424520600,2.66
1424521200,3.18
1424521800,2.81
1424522400,2.98
1424523000,2.7
1424523600,2.81
1424524200,2.9
1424524800,2.85
1424525400,3.03
1424526000,2.9
1424526600,2.66
1424527200,2.85
1424527800,2.76
1424528400,2.6
1424529000,2.95
1424529600,2.75
1424530200,2.95
1424530800,3.06
1424531400,3.14
1424532000,2.85
1424532600,2.82
1424533200,3.15
1424533800,3.09
1424534400,2.77
1424535000,3.08
1424535600,2.89
1424536200,3.11
1424536800,3.09
1424537400,2.75
1424538000,2.9
1424538600,2.81
1424539200,2.84
1424539800,3.29
1424540400,2.88
1424541000,2.81
1424541600,3.15
1424542200,2.92
1424542800,2.91
1424543400,2.93
1424544000,3.26
1424544600,3.19
1424545200,3.27
1424545800,3.09
1424546400,3.01
1424547000,3.17
1424547600,3.02
1424548200,2.99
1424548800,3.05
1424549400,3.07
1424550000,3.23
1424550600,3.57
1424551200,3.43
1424551800,3.36
1424552400,3.75
1424553000,3.5
1424553600,3.35
1424554200,3.49
1424554800,3.64
1424555400,3.44
1424556000,3.53
1424556600,3.35
1424557200,3.93
1424557800,3.33
1424558400,3.84
1424559000,3.39
1424559600,3.6
1424560200,3.7
1424560800,3.81
1424561400,3.48
1424562000,3.25
1424562600,3.59
1424563200,3.55
1424563800,3.3
1424564400,3.39
1424565000,3.69
1424565600,3.78
1424566200,3.12
1424566800,3.22
1424567400,3.21
1424568000,2.98
1424568600,3.42
1424569200,3.22
1424569800,3.34
1424570400,3.04
1424571000,3.2
1424571600,2.91
1424572200,3.26
1424572800,3.2
1424573400,3.25
1424574000,3.16
1424574600,3.17
1424575200,2.89
1424575800,2.91
1424576400,3.2
1424577000,3.32
1424577600,3.31
1424578200,3.66
1424578800,3.55
1424579400,3.31
1424580000,3.5
1424580600,3.57
1424581200,3.34
1424581800,3.46
1424582400,3.63
1424583000,3.62
1424583600,3.44
1424584200,3.5
1424584800,3.33
1424585400,3.48
1424586000,3.44
1424586600,3.36
1424587200,3.51
1424587800,3.71
1424588400,3.59
1424589000,3.41
1424589600,3.54
1424590200,3.36
1424590800,3.27
1424591400,3.25
1424592000,3.47
1424592600,3.57
1424593200,3.54
1424593800,3.45
1424594400,3.59
1424595000,3
1424595600,3.23
1424596200,3.39
1424596800,3.45
1424597400,3.56
1424598000,3.03
1424598600,3.18
1424599200,3.12
1424599800,2.99
1424600400,3.27
1424601000,3.29
1424601600,3.17
1424602200,3.14
1424602800,2.8
1424603400,3.03
1424604000,2.87
1424604600,2.71
1424605200,2.83
1424605800,3.01
1424606400,2.65
1424607000,2.59
1424607600,2.84
1424608200,2.52
1424608800,2.73
1424609400,2.59
1424610000,2.47
1424610600,2.72
1424611200,2.75
1424611800,2.91
1424612400,2.88
1424613000,2.37
1424613600,2.78
1424614200,2.71
1424614800,2.41
1424615400,2.41
1424616000,2.32
1424616600,2.69
1424617200,2.58
1424617800,2.84
1424618400,2.47
1424619000,2.75
1424619600,2.92
1424620200,2.67
1424620800,2.41
1424621400,2.69
1424622000,2.48
1424622600,2.75
1424623200,2.76
1424623800,2.38
1424624400,2.63
1424625000,2.87
1424625600,2.55
1424626200,2.4
1424626800,2.73
1424627400,2.61
1424628000,2.58
1424628600,2.41
1424629200,2.6
1424629800,2.52
1424630400,2.43
1424631000,2.38
1424631600,2.72
1424632200,2.87
1424632800,2.72
1424633400,2.8
1424634000,2.73
1424634600,2.57
1424635200,2.89
1424635800,2.72
1424636400,2.87
1424637000,2.75
1424637600,2.76
1424638200,3.01
1424638800,2.91
1424639400,2.9
1424640000,3.01
1424640600,2.96
1424641200,3.02
1424641800,2.62
1424642400,2.69
1424643000,3.05
1424643600,2.82
1424644200,3.2
1424644800,2.93
1424645400,2.94
1424646000,2.84
1424646600,2.96
1424647200,2.94
1424647800,2.84
1424649600,2.84
1424650200,2.99
1424650800,3.31
1424651400,3.07
1424652000,3.03
1424652600,2.84
1424653200,2.87
1424653800,2.87
1424654400,2.82
1424655000,2.71
1424655600,2.69
1424656200,2.82
1424656800,2.93
1424657400,2.71
1424658000,2.77
1424658600,2.4
1424659200,2.63
1424659800,2.76
1424660400,2.59
1424661000,2.88
1424661600,2.3
1424662200,2.57
1424662800,2.59
1424663400,2.76
1424664000,2.63
1424664600,2.57
1424665200,2.69
1424665800,2.54
1424666400,2.58
1424667000,2.42
1424667600,2.55
1424668200,2.39
1424668800,2.66
1424669400,2.6
1424670000,2.76
1424670600,2.53
1424671200,2.83
1424671800,2.62
1424672400,2.57
1424673000,2.52
1424673600,2.64
1424674200,2.63
1424674800,2.51
1424675400,2.63
1424676000,2.53
1424676600,2.63
1424677200,2.56
1424677800,2.52
1424678400,2.44
1424679000,2.54
1424679600,2.54
1424680200,2.48
1424680800,2.26
1424681400,2.59
1424682000,2.49
1424682600,2.4
1424683200,2.43
1424683800,2.65
1424684400,2.47
1424685000,2.48
1424685600,2.47
1424686200,2.4
1424686800,2.56
1424687400,2.52
1424688000,2.44
1424688600,2.36
1424689200,2.4
1424689800,2.3
1424690400,2.39
1424691000,2.21
1424691600,2.36
1424692200,2.49
1424692800,2.52
1424693400,2.46
1424694000,2.18
1424694600,2.47
1424695200,2.39
1424695800,2.41
1424696400,2.26
1424697000,2.23
1424697600,2.27
1424698200,2.36
1424698800,2.26
1424699400,2.32
1424700000,2.4
1424700600,2.31
1424701200,2.38
1424701800,2.41
1424702400,2.49
1424703000,2.58
1424703600,2.48
1424704200,2.46
1424704800,2.71
1424705400,2.48
1424706000,2.66
1424706600,2.47
1424707200,2.44
1424707800,2.58
1424708400,2.64
1424709000,2.6
1424709600,2.61
1424710200,2.53
1424710800,2.33
1424711400,2.35
1424712000,2.35
1424712600,2.39
1424713200,2.23
1424713800,2.34
1424714400,2.18
1424715000,2.15
1424715600,2.5
1424716200,2.13
1424716800,2.26
1424717400,2.26
1424718000,2.09
1424718600,2.33
1424719200,2.13
1424719800,2.27
1424720400,2.06
1424721000,2.2
1424721600,1.92
1424722200,2.1
1424722800,1.96
1424723400,2.02
1424724000,2.14
1424724600,1.87
1424725200,2.02
1424725800,1.86
1424726400,2.21
1424727000,1.92
1424727600,2.39
1424728200,2.02
1424728800,1.93
1424729400,2.09
1424730000,1.95
1424730600,1.94
1424731200,2.03
1424731800,1.92
1424732400,2.01
1424733000,1.95
1424733600,1.86
1424734200,2.13
1424734800,1.83
1424735400,1.82
1424736000,2.12
1424736600,2.04
1424737200,1.77
1424737800,1.84
1424738400,1.8
1424739000,1.85
1424739600,2.06
1424740200,1.93
1424740800,1.93
1424741400,1.87
1424742000,2.09
1424742600,1.87
1424743200,1.82
1424743800,1.65
1424744400,1.88
1424745000,1.79
1424745600,1.73
1424746200,2.01
1424746800,2.03
1424747400,1.78
1424748000,1.76
1424748600,1.76
1424749200,1.75
1424749800,2.12
1424750400,1.79
1424751000,1.9
1424751600,1.86
1424752200,1.95
1424752800,1.82
1424753400,1.81
1424754000,1.91
1424754600,1.76
1424755200,1.76
1424755800,1.75
1424756400,1.77
1424757000,1.81
1424757600,1.68
1424758200,1.68
1424758800,1.94
1424759400,1.89
1424760000,2.06
1424760600,1.9
1424761200,1.93
1424761800,2.02
1424762400,2.13
1424763000,2.06
1424763600,2.13
1424764200,2.17
1424764800,2.17
1424765400,1.92
1424766000,2.2
1424766600,2.18
1424767200,2.22
1424767800,1.91
1424768400,2.25
1424769000,2.18
1424769600,2.1
1424770200,2.2
1424770800,2.28
1424771400,2.39
1424772000,2.25
1424772600,2.29
1424773200,2.27
1424773800,2.29
1424774400,2.14
1424775000,2.2
1424775600,2.42
1424776200,2.34
1424776800,2.24
1424777400,2.52
1424778000,2.41
1424778600,2.51
1424779200,2.59
1424779800,2.54
1424780400,2.55
1424781000,2.52
1424781600,2.43
1424782200,2.74
1424782800,2.52
1424783400,2.91
1424784000,2.51
1424784600,2.63
1424785200,2.65
1424785800,2.55
1424786400,2.64
1424787000,2.74
1424787600,2.65
1424788200,2.55
1424788800,2.64
1424789400,2.87
1424790000,2.59
1424790600,2.54
1424791200,2.65
1424791800,2.55
1424792400,2.82
1424793000,2.47
1424793600,2.44
1424794200,2.81
1424794800,2.53
1424795400,2.48
1424796000,2.56
1424796600,2.38
1424797200,2.62
1424797800,2.5
1424798400,2.51
1424799000,2.33
1424799600,2.43
1424800200,2.39
1424800800,2.57
1424801400,2.63
1424802000,2.32
1424802600,2.57
1424803200,2.46
1424803800,2.53
1424804400,2.36
1424805000,2.41
1424805600,2.77
1424806200,2.78
1424806800,2.43
1424807400,2.59
1424808000,2.53
1424808600,2.76
1424809200,2.45
1424809800,2.5
1424810400,2.59
1424811000,2.99
1424811600,2.78
1424812200,2.97
1424812800,3.09
1424813400,2.6
1424814000,3.07
1424814600,3.05
1424815200,3.05
1424815800,3.22
1424816400,3.25
1424817000,2.8
1424817600,2.92
1424818200,3
1424818800,3.25
1424819400,3.08
1424820000,2.82
1424820600,3.15
1424821200,3.26
1424821800,3.22
1424822400,3.1
1424823000,3.28
1424823600,3.3
1424824200,3.06
1424824800,3.24
1424825400,3.28
1424826000,3.35
1424826600,3.36
1424827200,3.42
1424827800,3.23
1424828400,3.51
1424829000,3.52
1424829600,3.33
1424830200,3.17
1424830800,3.52
1424831400,3.63
1424832000,3.35
1424832600,3.39
1424833200,3.29
1424833800,3.07
1424834400,2.79
1424835000,3.22
1424835600,3.09
1424836200,3.21
1424836800,2.94
1424837400,3.13
1424838000,3.13
1424838600,2.89
1424839200,2.97
1424839800,3.17
1424840400,2.76
1424841000,2.81
1424841600,2.69
1424842200,2.86
1424842800,2.99
1424843400,3
1424844000,2.92
1424844600,2.87
1424845200,2.78
1424845800,2.85
1424846400,2.9
1424847000,2.54
1424847600,2.87
1424848200,3.09
1424848800,2.91
1424849400,2.69
1424850000,3
1424850600,3.06
1424851200,2.98
1424851800,2.73
1424852400,2.99
1424853000,2.92
1424853600,2.96
1424854200,3.2
1424854800,2.91
1424855400,2.91
1424856000,2.91
1424856600,3.03
1424857200,3.03
1424857800,2.86
1424858400,2.93
1424859000,3.08
1424859600,3.21
1424860200,3.05
1424860800,3.08
1424861400,2.69
1424862000,2.98
1424862600,3.08
1424863200,3.1
1424863800,2.99
1424864400,2.6
1424865000,3
1424865600,2.83
1424866200,2.72
1424866800,2.96
1424867400,2.83
1424868000,2.77
1424868600,3.12
1424869200,2.81
1424869800,3.2
1424870400,3.25
1424871000,3.05
1424871600,3.01
1424872200,2.91
1424872800,3.15
1424873400,3.16
1424874000,3.01
1424874600,2.97
1424875200,3.03
1424875800,3.49
1424876400,3.11
1424877000,3.62
1424877600,3.51
1424878200,3.44
1424878800,3.31
1424879400,3.07
1424880000,3.18
1424880600,3.42
1424881200,3.3
1424881800,3.05
1424882400,3.34
1424883000,3.3
1424883600,3.38
1424884200,3.6
1424884800,3.38
1424885400,3.36
1424886000,3.24
1424886600,3.26
1424887200,3.38
1424887800,3.16
1424888400,3.05
1424889000,3.05
1424889600,3.16
1424890200,3.21
1424890800,3.31
1424891400,3.07
1424892000,2.78
1424892600,2.84
1424893200,2.92
1424893800,3.16
1424894400,3.22
1424895000,2.97
1424895600,3.13
1424896200,3.41
1424896800,3.28
1424897400,3.25
1424898000,2.95
1424898600,3.04
1424899200,3.16
1424899800,2.6
1424900400,2.7
1424901000,2.8
1424901600,2.78
1424902200,2.78
1424902800,2.75
1424903400,2.66
1424904000,2.9
1424904600,2.77
1424905200,2.75
1424905800,2.69
1424906400,2.71
1424907000,2.7
1424907600,2.56
1424908200,2.83
1424908800,2.68
1424909400,2.8
1424910000,2.5
1424910600,2.54
1424911200,2.55
1424911800,2.31
1424912400,2.85
1424913000,2.95
1424913600,2.49
1424914200,2.96
1424914800,2.63
1424915400,2.63
1424916000,2.77
1424916600,2.65
1424917200,2.68
1424917800,2.56
1424918400,2.84
1424919000,2.75
1424919600,2.68
1424920200,2.46
1424920800,2.58
1424921400,2.54
1424922000,2.51
1424922600,2.69
1424923200,2.59
1424923800,2.85
1424924400,2.92
1424925000,2.68
1424925600,2.5
1424926200,2.52
1424926800,2.84
1424927400,2.84
1424928000,2.65
1424928600,2.67
1424929200,2.69
1424929800,2.59
1424930400,2.82
1424931000,2.65
1424931600,2.66
1424932200,2.72
1424932800,2.85
1424933400,2.87
1424934000,2.69
1424934600,2.89
1424935200,2.57
1424935800,2.84
1424936400,2.62
1424937000,2.46
1424937600,2.64
1424938200,2.72
1424938800,2.64
1424939400,2.85
1424940000,2.47
1424940600,2.98
1424941200,2.91
1424941800,2.87
1424942400,2.77
1424943000,2.43
1424943600,2.45
1424944200,2.59
1424944800,2.82
1424945400,2.67
1424946000,2.56
1424946600,2.68
1424947200,2.68
1424947800,2.56
1424948400,2.59
1424949000,2.58
1424949600,2.52
1424950200,2.72
1424950800,2.66
1424951400,2.76
1424952000,2.78
1424952600,2.67
1424953200,2.95
1424953800,2.76
1424954400,2.85
1424955000,3.21
1424955600,3.16
1424956200,2.86
1424956800,2.7
1424957400,2.75
1424958000,2.76
1424958600,2.6
1424959200,2.92
1424959800,2.94
1424960400,2.93
1424961000,2.89
1424961600,2.94
1424962200,3.24
1424962800,3.08
1424963400,3
1424964000,2.84
1424964600,2.87
1424965200,2.78
1424965800,3.25
1424966400,3.07
1424967000,3.29
1424967600,3.02
1424968200,3.26
1424968800,3.21
1424969400,3.31
1424970000,2.96
1424970600,3.05
1424971200,3.12
1424971800,3.15
1424972400,3.07
1424973000,2.82
1424973600,2.71
1424974200,3.01
1424974800,3.02
1424975400,2.87
1424976000,3.09
1424976600,3.09
1424977200,2.86
1424977800,2.89
1424978400,2.76
1424979000,3.12
1424979600,3.38
1424980200,2.9
1424980800,2.83
1424981400,3.21
1424982000,3.4
1424982600,3.12
1424983200,3.36
1424983800,2.93
1424984400,3.09
1424985000,3.41
1424985600,3.32
1424986200,3.33
1424986800,3.32
1424987400,3.34
1424988000,3.31
1424988600,3.45
1424989200,3.36
1424989800,3.35
1424990400,2.82
1424991000,3.4
1424991600,3.34
1424992200,3.21
1424992800,3.02
1424993400,3.4
1424994000,3.26
1424994600,3.24
1424995200,3.35
1424995800,3.71
1424996400,3.45
1424997000,3.06
1424997600,3.38
1424998200,3.46
1424998800,2.96
1424999400,3.32
1425000000,3.27
1425000600,3.21
1425001200,3.24
1425001800,3.31
1425002400,3.25
1425003000,3.22
1425003600,3.29
1425004200,3.26
1425004800,3.31
1425005400,3.33
1425006000,3
1425006600,3.12
1425007200,3.19
1425007800,3.13
1425008400,3.13
1425009000,3.23
1425009600,3.21
1425010200,3.04
1425010800,3.1
1425011400,3.26
1425012000,2.94
1425012600,3.02
1425013200,2.95
1425013800,3.06
1425014400,3.06
1425015000,2.98
1425015600,3.01
1425016200,2.93
1425016800,2.98
1425017400,3
1425018000,3
1425018600,2.94
1425019200,2.87
1425019800,2.91
1425020400,2.91
1425021000,2.87
1425021600,3.18
1425022200,3.09
1425022800,3.07
1425023400,3.01
1425024000,3.03
1425024600,2.83
1425025200,3
1425025800,3.25
1425026400,3.09
1425027000,2.98
1425027600,2.96
1425028200,3.21
1425028800,3.04
1425029400,3.16
1425030000,2.83
1425030600,3.09
1425031200,3.14
1425031800,2.97
1425032400,3.01
1425033000,2.84
1425033600,2.88
1425034200,2.69
1425034800,2.75
1425035400,2.73
1425036000,2.68
1425036600,2.41
1425037200,2.52
1425037800,2.55
1425038400,2.52
1425039000,2.58
1425039600,2.56
1425040200,2.55
1425040800,2.61
1425041400,2.61
1425042000,2.27
1425042600,2.24
1425043200,2.55
1425043800,2.49
1425044400,2.27
1425045000,2.62
1425045600,2.22
1425046200,2.24
1425046800,2.35
1425047400,2.23
1425048000,2.26
1425048600,2.43
1425049200,2.79
1425049800,2.37
1425050400,2.66
1425051000,2.35
1425051600,2.55
1425052200,2.43
1425052800,2.32
1425053400,2.3
1425054000,2.64
1425054600,2.5
1425055200,2.6
1425057600,2.49
1425058200,2.51
1425058800,2.37
1425059400,2.31
1425060000,2.56
1425060600,2.63
1425061200,2.7
1425061800,2.65
1425062400,2.53
1425063000,2.41
1425063600,2.5
1425064200,2.51
1425064800,2.55
1425065400,2.64
1425066000,2.71
1425066600,2.56
1425067200,2.34
1425067800,2.57
1425068400,2.29
1425069000,2.59
1425069600,2.46
1425070200,2.7
1425070800,2.34
1425071400,2.59
1425072000,2.32
1425072600,2.53
1425073200,2.16
1425073800,2.18
1425074400,2.52
1425075000,2.66
1425075600,2.37
1425076200,2.28
1425076800,2.21
1425077400,2.19
1425078000,2.34
1425078600,2.14
1425079200,2.21
1425079800,2.43
1425080400,2.13
1425081000,2.21
1425081600,2.33
1425082200,2.33
1425082800,2.32
1425083400,2.16
1425084000,2.56
1425084600,2.24
1425085200,2.02
1425085800,2.25
1425086400,2.09
1425087000,2.08
1425087600,2.06
1425088200,2.29
1425088800,2.1
1425089400,2.3
1425090000,2.18
1425090600,2.05
1425091200,2.11
1425091800,2.32
1425092400,2.17
1425093000,2.28
1425093600,2.24
1425094200,2.41
1425094800,2.21
1425095400,2.2
1425096000,2.31
1425096600,2.34
1425097200,2.16
1425097800,2.48
1425098400,2.12
1425099000,2.24
1425099600,2.38
1425100200,2.45
1425100800,2.18
1425101400,2.21
1425102000,2.2
1425102600,2.15
1425103200,2.16
1425103800,2.12
1425104400,2.19
1425105000,2.12
1425105600,2.21
1425106200,2.14
1425106800,2.13
1425107400,2.17
1425108000,2.22
1425108600,2.14
1425109200,2.3
1425109800,2.16
1425110400,2.2
1425111000,2.37
1425111600,2
1425112200,2.04
1425112800,2.1
1425113400,2.02
1425114000,2.26
1425114600,2.14
1425115200,1.92
1425115800,2.11
1425116400,2.34
1425117000,2.23
1425117600,2.05
1425118200,2.17
1425118800,2.08
1425119400,1.92
1425120000,2.21
1425120600,2
1425121200,1.89
1425121800,2
1425122400,1.97
1425123000,1.95
1425123600,2.06
1425124200,2.03
1425124800,1.88
1425125400,1.8
1425126000,1.89
1425126600,1.87
1425127200,1.96
1425127800,1.76
1425128400,1.72
1425129000,1.82
1425129600,1.92
1425130200,1.77
1425130800,1.7
1425131400,2.04
1425132000,1.81
1425132600,1.61
1425133200,1.81
1425133800,1.59
1425134400,1.57
1425135000,1.52
1425135600,1.51
1425136200,1.8
1425136800,1.54
1425137400,1.56
1425138000,1.63
1425138600,1.52
1425139200,1.51
1425139800,1.6
1425140400,1.62
1425141000,1.61
1425141600,1.45
1425142200,1.73
1425142800,1.65
1425143400,1.46
1425144000,1.9
1425144600,1.78
1425145200,1.84
1425145800,1.78
1425146400,1.66
1425147000,1.66
1425147600,1.62
1425148200,1.74
1425148800,1.92
1425149400,1.83
1425150000,1.99
1425150600,1.9
1425151200,1.89
1425151800,2.08
1425152400,2.01
1425153000,2.11
1425153600,2.11
1425154200,1.97
1425154800,1.84
1425155400,1.99
1425156000,1.93
1425156600,1.83
1425157200,1.91
1425157800,1.92
1425158400,1.99
1425159000,1.73
1425159600,1.96
1425160200,1.76
1425160800,1.85
1425161400,1.96
1425162000,1.88
1425162600,1.69
1425163200,1.73
1425163800,1.74
1425164400,1.63
1425165000,1.73
1425165600,1.74
1425166200,1.57
1425166800,1.52
1425167400,1.66
1425168000,1.75
1425168600,1.58
1425169200,1.46
1425169800,1.61
1425170400,1.52
1425171000,1.43
1425171600,1.52
1425172200,1.44
1425172800,1.31
1425173400,1.3
1425174000,1.45
1425174600,1.41
1425175200,1.27
1425175800,1.2
1425176400,1.38
1425177000,1.28
1425177600,1.29
1425178200,1.37
1425178800,1.25
1425179400,1.33
1425180000,1.28
1425180600,1.34
1425181200,1.25
1425181800,1.2
1425182400,1.2
1425183000,1.21
1425183600,1.26
1425184200,1.33
1425184800,1.16
1425185400,1.14
1425186000,1.13
1425186600,1.19
1425187200,1.12
1425187800,1.19
1425188400,1.17
1425189000,1.15
1425189600,1.27
1425190200,1.09
1425190800,1.28
1425191400,1.23
1425192000,1.02
1425192600,1.29
1425193200,1.16
1425193800,1.15
1425194400,1.23
1425195000,1.18
1425195600,1.18
1425196200,1.1
1425196800,1.21
1425197400,1.05
1425198000,1.09
1425198600,1.36
1425199200,1.09
1425199800,1.09
1425200400,1.26
1425201000,1.07
1425201600,1.19
1425202200,1.04
1425202800,1.09
1425203400,1.01
1425204000,1.04
1425204600,1.21
1425205200,1.05
1425205800,1.06
1425206400,1.01
1425207000,1.01
1425207600,1.03
1425208200,1.12
1425208800,1.12
1425209400,1.07
1425210000,1.08
1425210600,1.06
1425211200,0.98
1425211800,1.09
1425212400,1.14
1425213000,1.1
1425213600,0.98
1425214200,0.99
1425214800,1.03
1425215400,1.06
1425216000,1.05
1425216600,1.01
1425217200,1.01
1425217800,1.04
1425218400,1.15
1425219000,1.02
1425219600,1.03
1425220200,1.11
1425220800,1.2
1425221400,0.99
1425222000,0.97
1425222600,1.15
1425223200,1.16
1425223800,1.11
1425224400,1.03
1425225000,1.11
1425225600,1.06
1425226200,1.04
1425226800,1.2
1425227400,1.19
1425228000,1.26
1425228600,1.15
1425229200,1.1
1425229800,1.25
1425230400,1.03
1425231000,1.23
1425231600,1.08
1425232200,1.15
1425232800,1.07
1425233400,1.14
1425234000,1.13
1425234600,1.02
1425235200,1.12
1425235800,1.17
1425236400,1.04
1425237000,1.37
1425237600,1.18
1425238200,1.18
1425238800,1.29
1425239400,1.15
1425240000,1.16
1425240600,1.19
1425241200,1.18
1425241800,1.17
1425242400,1.14
1425243000,1.18
1425243600,1.31
1425244200,1.21
1425244800,1.23
1425245400,1.09
1425246000,1.22
1425246600,1.33
1425247200,1.19
1425247800,1.25
1425248400,1.21
1425249000,1.22
1425249600,1.27
1425250200,1.22
1425250800,1.16
1425251400,1.19
1425252000,1.18
1425252600,1.36
1425253200,1.3
1425253800,1.24
1425254400,1.29
1425255000,1.29
1425255600,1.27
1425256200,1.25
1425256800,1.19
1425257400,1.2
1425258000,1.21
1425258600,1.23
1425259200,1.22
1425259800,1.31
1425260400,1.26
1425261000,1.13
1425261600,1.22
1425262200,1.19
1425262800,1.29
1425263400,1.2
1425264000,1.12
1425264600,1.17
1425265200,1.08
1425265800,1.25
1425266400,1.3
1425267000,1.06
1425267600,1.32
1425268200,1.06
1425268800,1.27
1425269400,1.05
1425270000,1.26
1425270600,1.05
1425271200,1.17
1425271800,1.1
1425272400,1.21
1425273000,1.22
1425273600,1.23
1425274200,1.14
1425274800,1.12
1425275400,1.16
1425276000,1.24
1425276600,1.11
1425277200,1.24
1425277800,1.15
1425278400,1.3
1425279000,1.17
1425279600,1.13
1425280200,1.19
1425280800,1.27
1425281400,1.17
1425282000,1.25
1425282600,1.19
1425283200,1.18
1425283800,1.18
1425284400,1.11
1425285000,1.18
1425285600,1.28
1425286200,1.07
1425286800,1.13
1425287400,1.31
1425288000,1.25
1425288600,1.19
1425289200,1.22
1425289800,1.28
1425290400,1.24
1425291000,1.31
1425291600,1.25
1425292200,1.27
1425292800,1.15
1425293400,1.25
1425294000,1.33
1425294600,1.28
1425295200,1.27
1425295800,1.29
1425296400,1.22
1425297000,1.32
1425297600,1.29
1425298200,1.34
1425298800,1.19
1425299400,1.11
1425300000,1.17
1425300600,1.21
1425301200,1.27
1425301800,1.29
1425302400,1.42
1425303000,1.15
1425303600,1.15
1425304200,1.2
1425304800,1.38
1425305400,1.19
1425306000,1.19
1425306600,1.27
1425307200,1.32
1425307800,1.37
1425308400,1.25
1425309000,1.33
1425309600,1.34
1425310200,1.37
1425310800,1.43
1425311400,1.31
1425312000,1.27
1425312600,1.39
1425313200,1.24
1425313800,1.25
1425314400,1.35
1425315000,1.35
1425315600,1.3
1425316200,1.37
1425316800,1.27
1425317400,1.4
1425318000,1.36
1425318600,1.35
1425319200,1.39
1425319800,1.36
1425320400,1.33
1425321000,1.31
1425321600,1.39
1425322200,1.45
1425322800,1.19
1425323400,1.21
1425324600,1.06
