1456808400000,0.728
1456812000000,0.736
1456815600000,0.738
1456819200000,0.66
1456822800000,0.585
1456826400000,0.594
1456830000000,0.614
1456833600000,0.628
1456837200000,0.613
1456840800000,0.587
1456844400000,0.576
1456848000000,0.585
1456851600000,0.59
1456855200000,0.584
1456858800000,0.566
1456862400000,0.557
1456866000000,0.554
1456869600000,0.541
1456873200000,0.505
1456876800000,0.473
1456880400000,0.454
1456884000000,0.429
1456887600000,0.398
1456891200000,0.356
1456894800000,0.328
1456898400000,0.334
1456902000000,0.353
1456905600000,0.372
1456909200000,0.386
1456912800000,0.444
1456916400000,0.496
1456920000000,0.543
1456923600000,0.544
1456927200000,0.51
1456930800000,0.506
1456934400000,0.541
1456938000000,0.567
