1456808400000,0.77
1456812000000,0.739
1456815600000,0.739
1456819200000,0.72
1456822800000,0.745
1456826400000,0.781
1456830000000,0.766
1456833600000,0.783
1456837200000,0.767
1456840800000,0.775
1456844400000,0.785
1456848000000,0.78
1456851600000,0.794
1456855200000,0.803
1456858800000,0.793
1456862400000,0.838
1456866000000,0.829
1456869600000,0.847
1456873200000,0.815
1456876800000,0.812
1456880400000,0.836
1456884000000,0.81
1456887600000,0.783
1456891200000,0.807
1456894800000,0.789
1456898400000,0.739
1456902000000,0.647
1456905600000,0.642
1456909200000,0.648
1456912800000,0.706
1456916400000,0.70
1456920000000,0.654
1456923600000,0.616
1456927200000,0.675
1456930800000,0.719
1456934400000,0.724
1456938000000,0.716
