1456790400,2.15
1456791000,2.15
1456791600,2.14
1456792200,2.14
1456792800,2.14
1456793400,2.15
1456794000,2.15
1456794600,2.15
1456795200,2.15
1456795800,2.15
1456796400,2.15
1456797000,2.14
1456797600,2.13
1456798200,2.14
1456798800,2.14
1456799400,2.14
1456800000,2.14
1456800600,2.14
1456801200,2.13
1456801800,2.13
1456802400,2.13
1456803000,2.13
1456803600,2.13
1456804200,2.13
1456804800,2.13
1456805400,2.13
1456806000,2.12
1456806600,2.12
1456807200,2.12
1456807800,2.11
1456808400,2.11
1456809000,2.12
1456809600,2.13
1456810200,2.13
1456810800,2.13
1456811400,2.12
1456812000,2.11
1456812600,2.12
1456813200,2.12
1456813800,2.12
1456814400,2.13
1456815000,2.14
1456815600,2.16
1456816200,2.18
1456816800,2.19
1456817400,2.18
1456818000,2.16
1456818600,2.15
1456819200,2.14
1456819800,2.14
1456820400,2.13
1456821000,2.13
1456821600,2.12
1456822200,2.12
1456822800,2.13
1456823400,2.14
1456824000,2.14
1456824600,2.15
1456825200,2.15
1456825800,2.16
1456826400,2.16
1456827000,2.17
1456827600,2.16
1456828200,2.13
1456828800,2.16
1456829400,2.18
1456830000,2.18
1456830600,2.19
1456831200,2.2
1456831800,2.18
1456832400,2.16
1456833000,2.14
1456833600,2.13
1456834200,2.12
1456834800,2.1
1456835400,2.1
1456836000,2.11
1456836600,2.13
1456837200,2.2
1456837800,2.18
1456838400,2.2
1456839000,2.2
1456839600,2.2
1456840200,2.15
1456840800,2.13
1456841400,2.16
1456842000,2.15
1456842600,2.12
1456843200,2.1
1456843800,2.1
1456844400,2.1
1456845000,2.09
1456845600,2.08
1456846200,2.06
1456846800,2.05
1456847400,2.05
1456848000,2.06
1456848600,2.07
1456849200,2.07
1456849800,2.07
1456850400,2.07
1456851000,2.08
1456851600,2.08
1456852200,2.09
1456852800,2.09
1456853400,2.1
1456854000,2.11
1456854600,2.12
1456855200,2.12
1456855800,2.12
1456856400,2.12
1456857000,2.13
1456857600,2.13
1456858200,2.13
1456858800,2.13
1456859400,2.14
1456860000,2.14
1456860600,2.15
1456861200,2.14
1456861800,2.14
1456862400,2.14
1456863000,2.15
1456863600,2.16
1456864200,2.17
1456864800,2.18
1456865400,2.19
1456866000,2.19
1456866600,2.19
