1456790400,282.63
1456791000,282.57
1456791600,282.26
1456792200,282.49
1456792800,282.49
1456793400,282.44
1456794000,282.7
1456794600,282.8
1456795200,283.32
1456795800,283.46
1456796400,284.04
1456797000,283.91
1456797600,283.86
1456798200,283.59
1456798800,283.53
1456799400,283.41
1456800000,283.35
1456800600,283.42
1456801200,283.6
1456801800,283.72
1456802400,283.86
1456803000,284.07
1456803600,284.43
1456804200,284.72
1456804800,284.8
1456805400,284.99
1456806000,284.89
1456806600,285.4
1456807200,285.85
1456807800,285.86
1456808400,286.37
1456809000,288.27
1456809600,290.03
1456810200,290.79
1456810800,291.06
1456811400,291.33
1456812000,291.21
1456812600,292.02
1456813200,293.04
1456813800,294.28
1456814400,295.57
1456815000,298.69
1456815600,304.92
1456816200,309.88
1456816800,311.81
1456817400,310.8
1456818000,308.53
1456818600,307.27
1456819200,307.47
1456819800,307.0
1456820400,305.92
1456821000,306.22
1456821600,306.24
1456822200,306.12
1456822800,306.92
1456823400,307.97
1456824000,309.27
1456824600,309.26
1456825200,309.45
1456825800,311.16
1456826400,311.52
1456827000,313.06
1456827600,312.63
1456828200,310.18
1456828800,314.11
1456829400,315.88
1456830000,317.41
1456830600,318.75
1456831200,321.58
1456831800,319.7
1456832400,316.58
1456833000,315.21
1456833600,315.23
1456834200,313.13
1456834800,311.61
1456835400,311.55
1456836000,312.74
1456836600,317.24
1456837200,327.82
1456837800,325.11
1456838400,327.23
1456839000,328.7
1456839600,331.05
1456840200,322.06
1456840800,321.39
1456841400,329.34
1456842000,326.05
1456842600,319.23
1456843200,316.71
1456843800,316.95
1456844400,316.11
1456845000,313.9
1456845600,312.53
1456846200,307.27
1456846800,307.52
1456847400,307.07
1456848000,308.65
1456848600,309.62
1456849200,309.28
1456849800,308.15
1456850400,308.13
1456851000,307.69
1456851600,307.93
1456852200,307.89
1456852800,308.33
1456853400,309.21
1456854000,309.5
1456854600,310.44
1456855200,308.66
1456855800,306.95
1456856400,304.99
1456857000,303.68
1456857600,303.64
1456858200,303.43
1456858800,302.9
1456859400,301.72
1456860000,300.69
1456860600,301.15
1456861200,301.77
1456861800,301.21
1456862400,302.3
1456863000,304.85
1456863600,311.79
1456864200,317.31
1456864800,321.18
1456865400,323.07
1456866000,323.51
1456866600,323.87
