1456790400,27.23
1456791000,26.07
1456791600,23.99
1456792200,26.74
1456792800,27.89
1456793400,25.02
1456794000,24.63
1456794600,23.51
1456795200,24.27
1456795800,21.65
1456796400,23.0
1456797000,19.81
1456797600,22.76
1456798200,20.49
1456798800,21.24
1456799400,23.4
1456800000,22.6
1456800600,24.01
1456801200,22.64
1456801800,22.7
1456802400,30.17
1456803000,22.16
1456803600,23.2
1456804200,23.53
1456804800,23.8
1456805400,25.01
1456806000,27.05
1456806600,26.23
1456807200,24.33
1456807800,25.7
1456808400,27.18
1456809000,28.0
1456809600,32.95
1456810200,30.25
1456810800,28.39
1456811400,26.02
1456812000,26.09
1456812600,23.67
1456813200,26.65
1456813800,23.82
1456814400,23.82
1456815000,24.19
1456815600,25.29
1456816200,24.45
1456816800,26.75
1456817400,24.86
1456818000,24.37
1456818600,25.54
1456819200,25.88
1456819800,24.15
1456820400,27.12
1456821000,26.19
1456821600,24.57
1456822200,25.36
1456822800,26.55
1456823400,26.47
1456824000,26.86
1456824600,27.46
1456825200,23.49
1456825800,29.13
1456826400,26.41
1456827000,24.44
1456827600,26.13
1456828200,22.95
1456828800,24.28
1456829400,28.45
1456830000,25.28
1456830600,24.87
1456831200,24.5
1456831800,21.08
1456832400,20.63
1456833000,19.88
1456833600,18.9
1456834200,18.89
1456834800,19.16
1456835400,17.03
1456836000,18.06
1456836600,19.03
1456837200,20.16
1456837800,20.63
1456838400,22.92
1456839000,22.28
1456839600,25.3
1456840200,19.47
1456840800,18.95
1456841400,17.25
1456842000,18.56
1456842600,18.17
1456843200,20.39
1456843800,18.29
1456844400,15.94
1456845000,15.79
1456845600,14.89
1456846200,16.34
1456846800,15.76
1456847400,13.88
1456848000,17.32
1456848600,17.94
1456849200,17.62
1456849800,18.6
1456850400,16.09
1456851000,15.96
1456851600,16.78
1456852200,17.61
1456852800,17.78
1456853400,16.51
1456854000,19.62
1456854600,22.2
1456855200,20.67
1456855800,20.5
1456856400,27.43
1456857000,22.18
1456857600,24.76
1456858200,22.33
1456858800,22.94
1456859400,22.96
1456860000,23.38
1456860600,28.62
1456861200,25.0
1456861800,29.0
1456862400,26.13
1456863000,28.22
1456863600,28.4
1456864200,30.78
1456864800,28.37
1456865400,26.78
1456866000,25.31
1456866600,26.26
