1456790400,1.61
1456791000,0.71
1456791600,0.54
1456792200,1.13
1456792800,2.1
1456793400,1.4
1456794000,0.42
1456794600,2.3
1456795200,1.32
1456795800,0.93
1456796400,2.23
1456797000,1.57
1456797600,1.05
1456798200,0.88
1456798800,1.23
1456799400,0.49
1456800000,0.73
1456800600,0.85
1456801200,0.84
1456801800,1.29
1456802400,3.08
1456803000,2.08
1456803600,1.26
1456804200,1.04
1456804800,0.9
1456805400,1.19
1456806000,0.96
1456806600,0.94
1456807200,1.49
1456807800,1.42
1456808400,1.13
1456809000,1.54
1456809600,0.96
1456810200,1.1
1456810800,1.42
1456811400,1.11
1456812000,0.79
1456812600,0.7
1456813200,0.8
1456813800,1.45
1456814400,0.88
1456815000,1.96
1456815600,0.94
1456816200,0.79
1456816800,1.78
1456817400,0.78
1456818000,0.77
1456818600,0.77
1456819200,1.07
1456819800,3.38
1456820400,1.14
1456821000,1.33
1456821600,0.65
1456822200,0.91
1456822800,0.95
1456823400,0.83
1456824000,0.93
1456824600,0.88
1456825200,1.4
1456825800,1.02
1456826400,0.54
1456827000,1.16
1456827600,1.07
1456828200,0.77
1456828800,0.81
1456829400,0.79
1456830000,2.56
1456830600,0.64
1456831200,1.04
1456831800,1.03
1456832400,1.01
1456833000,1.03
1456833600,2.17
1456834200,0.64
1456834800,0.6
1456835400,0.76
1456836000,0.83
1456836600,0.96
1456837200,0.89
1456837800,1.06
1456838400,0.62
1456839000,1.06
1456839600,2.01
1456840200,1.02
1456840800,0.37
1456841400,0.73
1456842000,0.58
1456842600,0.49
1456843200,0.71
1456843800,1.68
1456844400,0.87
1456845000,0.93
1456845600,0.94
1456846200,0.62
1456846800,1.06
1456847400,2.09
1456848000,1.07
1456848600,1.04
1456849200,1.75
1456849800,4.32
1456850400,0.6
1456851000,0.72
1456851600,0.93
1456852200,1.08
1456852800,1.09
1456853400,0.9
1456854000,0.86
1456854600,0.96
1456855200,0.84
1456855800,0.98
1456856400,1.3
1456857000,0.77
1456857600,0.99
1456858200,0.92
1456858800,1.06
1456859400,0.66
1456860000,0.82
1456860600,0.75
1456861200,0.81
1456861800,1.2
1456862400,2.05
1456863000,1.11
1456863600,1.12
1456864200,1.02
1456864800,0.47
1456865400,1.43
1456866000,3.06
1456866600,0.48
