1456790400,100.9
1456791000,100.85
1456791600,100.82
1456792200,100.87
1456792800,100.87
1456793400,100.77
1456794000,100.75
1456794600,100.78
1456795200,100.76
1456795800,100.74
1456796400,100.68
1456797000,100.76
1456797600,100.7
1456798200,100.69
1456798800,100.64
1456799400,100.66
1456800000,100.69
1456800600,100.61
1456801200,100.68
1456801800,100.73
1456802400,100.56
1456803000,100.56
1456803600,100.58
1456804200,100.62
1456804800,100.58
1456805400,100.62
1456806000,100.62
1456806600,100.61
1456807200,100.58
1456807800,100.63
1456808400,100.59
1456809000,100.57
1456809600,100.55
1456810200,100.47
1456810800,100.49
1456811400,100.51
1456812000,100.49
1456812600,100.46
1456813200,100.38
1456813800,100.4
1456814400,100.36
1456815000,100.3
1456815600,100.21
1456816200,100.1
1456816800,100.05
1456817400,100.03
1456818000,100.05
1456818600,100.07
1456819200,99.97
1456819800,100.05
1456820400,99.94
1456821000,99.95
1456821600,99.91
1456822200,99.84
1456822800,99.86
1456823400,99.88
1456824000,99.83
1456824600,99.86
1456825200,99.83
1456825800,99.79
1456826400,99.76
1456827000,99.73
1456827600,99.77
1456828200,99.76
1456828800,99.59
1456829400,99.61
1456830000,99.68
1456830600,99.51
1456831200,99.48
1456831800,99.54
1456832400,99.48
1456833000,99.55
1456833600,99.4
1456834200,99.48
1456834800,99.45
1456835400,99.52
1456836000,99.22
1456836600,99.16
1456837200,99.2
1456837800,99.3
1456838400,99.18
1456839000,99.22
1456839600,99.13
1456840200,99.38
1456840800,99.3
1456841400,99.12
1456842000,99.22
1456842600,99.38
1456843200,99.24
1456843800,99.26
1456844400,99.22
1456845000,99.29
1456845600,99.38
1456846200,99.67
1456846800,99.65
1456847400,99.67
1456848000,99.61
1456848600,99.6
1456849200,99.6
1456849800,99.67
1456850400,99.7
1456851000,99.81
1456851600,99.71
1456852200,99.69
1456852800,99.69
1456853400,99.71
1456854000,99.73
1456854600,99.81
1456855200,99.96
1456855800,100.07
1456856400,100.13
1456857000,100.23
1456857600,100.16
1456858200,100.22
1456858800,100.19
1456859400,100.31
1456860000,100.42
1456860600,100.49
1456861200,100.43
1456861800,100.43
1456862400,100.41
1456863000,100.38
1456863600,100.22
1456864200,100.13
1456864800,100.05
1456865400,100.06
1456866000,100.1
1456866600,100.06
