1456808400000,0.177
1456812000000,0.216
1456815600000,0.195
1456819200000,0.195
1456822800000,0.25
1456826400000,0.236
1456830000000,0.235
1456833600000,0.244
1456837200000,0.157
1456840800000,0.227
1456844400000,0.196
1456848000000,0.168
1456851600000,0.236
1456855200000,0.288
1456858800000,0.239
1456862400000,0.23
1456866000000,0.233
1456869600000,0.195
1456873200000,0.241
1456876800000,0.248
1456880400000,0.245
1456884000000,0.272
1456887600000,0.272
1456891200000,0.231
1456894800000,0.234
1456898400000,0.239
1456902000000,0.199
1456905600000,0.254
1456909200000,0.254
1456912800000,0.271
1456916400000,0.263
1456920000000,0.254
1456923600000,0.209
1456927200000,0.233
1456930800000,0.249
