1456808400000,0.69
1456812000000,0.708
1456815600000,0.764
1456819200000,0.775
1456822800000,0.807
1456826400000,0.82
1456830000000,0.83
1456833600000,0.857
1456837200000,0.838
1456840800000,0.809
1456844400000,0.804
1456848000000,0.804
1456851600000,0.784
1456855200000,0.768
1456858800000,0.787
1456862400000,0.859
1456866000000,0.86
1456869600000,0.848
1456873200000,0.854
1456876800000,0.88
1456880400000,0.885
1456884000000,0.801
1456887600000,0.799
1456891200000,0.852
1456894800000,0.832
1456898400000,0.772
1456902000000,0.707
1456905600000,0.697
1456909200000,0.688
1456912800000,0.672
1456916400000,0.669
1456920000000,0.664
1456923600000,0.659
1456927200000,0.707
1456930800000,0.729
1456934400000,0.753
1456938000000,0.739
