1456808400000,0.915
1456812000000,1.066
1456815600000,1.154
1456819200000,1.07
1456822800000,1.003
1456826400000,1.05
1456830000000,0.96
1456833600000,0.883
1456837200000,0.817
1456840800000,0.841
1456844400000,0.862
1456848000000,0.893
1456851600000,0.932
1456855200000,1.021
1456858800000,1.104
1456862400000,1.183
1456866000000,1.143
1456869600000,1.176
1456873200000,1.205
1456876800000,1.016
1456880400000,0.857
1456884000000,0.87
1456887600000,0.70
1456891200000,0.63
1456894800000,0.47
1456898400000,0.356
1456902000000,0.355
1456905600000,0.329
1456909200000,0.388
1456912800000,0.402
1456916400000,0.48
1456920000000,0.698
1456923600000,0.797
