1456808400000,0.546
1456812000000,0.541
1456815600000,0.544
1456819200000,0.544
1456822800000,0.544
1456826400000,0.544
1456830000000,0.544
1456833600000,0.544
1456837200000,0.547
1456840800000,0.547
1456844400000,0.548
1456848000000,0.549
1456851600000,0.552
1456855200000,0.556
1456858800000,0.561
1456862400000,0.565
1456866000000,0.568
1456869600000,0.571
1456873200000,0.576
1456876800000,0.579
1456880400000,0.581
1456884000000,0.582
1456887600000,0.585
1456891200000,0.585
1456894800000,0.586
1456898400000,0.59
1456902000000,0.593
1456905600000,0.595
1456909200000,0.596
1456912800000,0.60
1456916400000,0.597
1456920000000,0.595
1456923600000,0.591
1456927200000,0.591
1456930800000,0.591
1456934400000,0.59
1456938000000,0.592
