1456808400000,0.587
1456812000000,0.612
1456815600000,0.616
1456819200000,0.652
1456822800000,0.689
1456826400000,0.639
1456830000000,0.628
1456833600000,0.616
1456837200000,0.665
1456840800000,0.651
1456844400000,0.649
1456848000000,0.614
1456851600000,0.649
1456855200000,0.649
1456858800000,0.63
1456862400000,0.596
1456866000000,0.578
1456869600000,0.616
1456873200000,0.584
1456876800000,0.577
1456880400000,0.515
1456884000000,0.549
1456887600000,0.571
1456891200000,0.595
1456894800000,0.587
1456898400000,0.626
1456902000000,0.724
1456905600000,0.812
1456909200000,0.792
1456912800000,0.747
1456916400000,0.727
1456920000000,0.766
1456923600000,0.788
1456927200000,0.815
1456930800000,0.74
1456934400000,0.644
1456938000000,0.692
