1456808400000,0.23
1456812000000,0.374
1456815600000,0.388
1456819200000,0.251
1456822800000,0.187
1456826400000,0.22
1456830000000,0.221
1456833600000,0.211
1456837200000,0.237
1456840800000,0.29
1456844400000,0.329
1456848000000,0.33
1456851600000,0.259
1456855200000,0.206
1456858800000,0.206
1456862400000,0.277
1456866000000,0.359
1456869600000,0.389
1456873200000,0.349
1456876800000,0.343
1456880400000,0.319
1456884000000,0.287
1456887600000,0.25
1456891200000,0.229
1456894800000,0.302
1456898400000,0.368
1456902000000,0.351
1456905600000,0.275
1456909200000,0.224
1456912800000,0.221
1456916400000,0.209
1456920000000,0.242
1456923600000,0.271
1456927200000,0.298
1456930800000,0.277
1456934400000,0.25
1456938000000,0.243
