1456808400000,0.686
1456812000000,0.677
1456815600000,0.682
1456819200000,0.698
1456822800000,0.728
1456826400000,0.698
1456830000000,0.683
1456833600000,0.666
1456837200000,0.748
1456840800000,0.727
1456844400000,0.67
1456848000000,0.638
1456851600000,0.715
1456855200000,0.708
1456858800000,0.652
1456862400000,0.638
1456866000000,0.662
1456869600000,0.615
1456873200000,0.627
1456876800000,0.728
1456880400000,0.733
1456884000000,0.836
1456887600000,0.708
1456891200000,0.677
1456894800000,0.753
1456898400000,0.677
1456902000000,0.742
1456905600000,0.661
1456909200000,0.654
1456912800000,0.694
1456916400000,0.703
1456920000000,0.637
1456923600000,0.695
1456927200000,0.719
1456930800000,0.717
1456934400000,0.671
1456938000000,0.678
