1456808400000,0.755
1456812000000,0.757
1456815600000,0.653
1456819200000,0.571
1456822800000,0.575
1456826400000,0.611
1456830000000,0.645
1456833600000,0.645
1456837200000,0.613
1456840800000,0.606
1456844400000,0.623
1456848000000,0.634
1456851600000,0.63
1456855200000,0.613
1456858800000,0.615
1456862400000,0.613
1456866000000,0.598
1456869600000,0.568
1456873200000,0.53
1456876800000,0.521
1456880400000,0.515
1456884000000,0.489
1456887600000,0.453
1456891200000,0.426
1456894800000,0.442
1456898400000,0.452
1456902000000,0.471
1456905600000,0.49
1456909200000,0.562
1456912800000,0.664
1456916400000,0.723
1456920000000,0.72
1456923600000,0.663
1456927200000,0.674
1456930800000,0.716
1456934400000,0.748
1456938000000,0.721
