1456808400000,0.962
1456812000000,0.841
1456815600000,0.587
1456819200000,0.361
1456822800000,0.304
1456826400000,0.42
1456830000000,0.569
1456833600000,0.62
1456837200000,0.535
1456840800000,0.49
1456844400000,0.556
1456848000000,0.642
1456851600000,0.641
1456855200000,0.546
1456858800000,0.457
1456862400000,0.418
1456866000000,0.399
1456869600000,0.391
1456873200000,0.43
1456876800000,0.489
1456880400000,0.53
1456884000000,0.50
1456887600000,0.418
1456891200000,0.339
1456894800000,0.338
1456898400000,0.405
1456902000000,0.456
1456905600000,0.455
1456909200000,0.444
1456912800000,0.461
1456916400000,0.479
1456920000000,0.505
1456923600000,0.53
1456927200000,0.504
1456930800000,0.444
1456934400000,0.379
1456938000000,0.39
