1456808400000,0.213
1456812000000,0.156
1456815600000,0.178
1456819200000,0.193
1456822800000,0.185
1456826400000,0.168
1456830000000,0.132
1456833600000,0.164
1456837200000,0.162
1456840800000,0.219
1456844400000,0.195
1456848000000,0.163
1456851600000,0.169
1456855200000,0.167
1456858800000,0.187
1456862400000,0.192
1456866000000,0.162
1456869600000,0.199
1456873200000,0.192
1456876800000,0.22
1456880400000,0.18
1456884000000,0.148
1456887600000,0.136
1456891200000,0.156
1456894800000,0.193
1456898400000,0.163
1456902000000,0.192
1456905600000,0.154
1456909200000,0.178
1456912800000,0.168
1456916400000,0.166
