1456808400000,1.055
1456812000000,0.986
1456815600000,1.077
1456819200000,1.237
1456822800000,1.234
1456826400000,1.126
1456830000000,1.137
1456833600000,1.017
1456837200000,0.933
1456840800000,0.859
1456844400000,0.875
1456848000000,0.905
1456851600000,0.95
1456855200000,0.971
1456858800000,0.994
1456862400000,1.031
1456866000000,1.071
1456869600000,1.095
1456873200000,1.108
1456876800000,1.088
1456880400000,1.007
1456884000000,0.922
1456887600000,0.724
1456891200000,0.551
1456894800000,0.409
1456898400000,0.369
1456902000000,0.235
1456905600000,0.183
1456909200000,0.215
1456912800000,0.294
1456916400000,0.344
1456920000000,0.371
1456923600000,0.447
1456927200000,0.876
1456930800000,0.999
1456934400000,1.087
1456938000000,0.998
