1456808400000,0.598
1456812000000,0.509
1456815600000,0.553
1456819200000,0.595
1456822800000,0.548
1456826400000,0.615
1456830000000,0.664
1456833600000,0.739
1456837200000,0.765
1456840800000,0.758
1456844400000,0.664
1456848000000,0.656
1456851600000,0.639
1456855200000,0.53
1456858800000,0.438
1456862400000,0.445
1456866000000,0.411
1456869600000,0.312
1456873200000,0.336
1456876800000,0.426
1456880400000,0.485
1456884000000,0.652
1456887600000,0.615
1456891200000,0.667
1456894800000,1.023
1456898400000,1.389
1456902000000,1.53
1456905600000,1.422
1456909200000,1.442
1456912800000,1.272
1456916400000,1.062
